4206723 : 4218772 
4212027 : 4218192 
4212052 : 4218214 
4212237 : 4212270 
4212270 : 4212237 
4215138 : 4215328 
4215328 : 4215138 
4215881 : 4215904 
4215904 : 4215881 
4216171 : 4216263 
4216263 : 4216171 
4217083 : 4217156 4217163 
4217156 : 4217083 4217163 
4217163 : 4217083 4217156 
4218192 : 4212027 
4218214 : 4212052 
4218772 : 4206723 
2151881162 : 2151881210 2151881632 
2151881210 : 2151881162 2151881632 
2151881632 : 2151881162 2151881210 
2152106791 : 4134655935 4134655997 
4134655935 : 2152106791 4134655997 
4134655997 : 2152106791 4134655935 
