4212175 : 14809 6 0 6 0 0 1 0 0 1 0 1 0 1 0 0 1 0 0 2 0 0 1 0 1 0 1 0 3 0 0 0 1 0 3 0 0 0 1 0 3 0 0 0 1 0 1 0 0 0 6 0 0 1 0 0 1 0 1 0 1 0 0 1 0 0 2 0 0 1 0 1 0 1 0 3 0 0 0 1 0 3 0 0 0 1 0 3 0 0 0 1 0 1 0 0 0 6 0 0 
4212237 : 7279 6 2 0 1 0 0 0 2 0 0 6 0 0 3 0 3 0 4 0 1 0 0 0 2 0 0 6 0 0 3 0 3 0 4 0 1 0 0 0 2 0 0 6 0 0 3 0 3 0 4 0 1 0 0 0 2 0 0 6 0 0 3 0 8 0 1 0 0 0 2 0 0 6 0 0 3 0 8 0 1 0 0 0 2 0 0 6 0 0 3 0 8 0 1 0 0 0 2 0 
4212270 : 7279 6 2 0 1 0 0 0 2 0 0 6 0 0 3 0 3 0 4 0 1 0 0 0 2 0 0 6 0 0 3 0 3 0 4 0 1 0 0 0 2 0 0 6 0 0 3 0 3 0 4 0 1 0 0 0 2 0 0 6 0 0 3 0 8 0 1 0 0 0 2 0 0 6 0 0 3 0 8 0 1 0 0 0 2 0 0 6 0 0 3 0 8 0 1 0 0 0 2 0 
4212414 : 40647 6 0 2 0 1 0 0 8 0 0 0 0 0 0 1 0 0 0 0 0 0 0 0 3 0 4 0 0 0 0 0 7 0 1 0 14 0 5 0 0 1 0 0 2 0 1 0 0 2 0 1 0 0 0 8 0 1 0 0 0 2 0 0 3 0 0 2 0 0 0 0 0 1 0 0 1 0 0 0 0 0 0 0 0 0 1 0 0 0 0 1 0 0 0 0 0 0 0 0 
4212500 : 60232 6 0 3 0 0 0 1 0 2 0 3 0 5 0 0 2 0 0 1 0 0 0 0 1 0 2 0 3 0 0 2 0 1 0 2 0 1 0 6 0 7 0 0 0 2 0 0 0 11 0 2 0 0 0 0 0 0 0 0 0 0 0 0 0 0 0 0 0 0 0 0 0 0 0 2 0 4 0 0 0 0 0 0 0 0 0 0 0 0 0 0 0 0 0 0 0 0 0 0 
4212662 : 67831 6 0 2 0 0 0 0 1 0 5 0 0 1 0 1 0 3 0 0 2 0 1 0 1 0 5 0 0 1 0 1 0 1 0 6 0 0 1 0 1 0 2 0 0 0 0 0 2 0 0 0 2 0 0 3 0 1 0 0 1 0 0 0 0 2 0 0 0 0 0 0 0 0 0 0 0 0 0 0 0 0 0 0 0 0 0 0 0 0 0 1 0 5 0 0 0 0 0 0 
4212677 : 48649 6 106 0 0 0 0 0 0 0 0 0 0 0 0 0 0 0 0 0 0 0 0 0 0 0 0 0 0 0 0 0 0 0 0 0 0 0 0 0 0 0 0 0 0 0 0 0 0 0 0 0 0 0 0 0 0 0 0 0 0 0 15 0 0 4 0 3 0 113 0 0 0 0 0 0 0 0 0 0 0 0 0 0 0 0 0 0 0 0 0 0 0 0 0 0 0 0 0 0 
4212715 : 16097 6 0 0 0 0 0 1 0 13 0 0 0 4 0 11 0 3 0 4 0 0 0 1 0 0 3 0 0 0 0 0 0 0 0 0 0 0 1 0 1 0 9 0 0 0 4 0 11 0 3 0 8 0 0 1 0 3 0 0 0 0 0 0 0 0 0 0 0 1 0 1 0 13 0 0 0 4 0 11 0 3 0 4 0 0 1 0 3 0 0 0 0 0 0 0 0 0 0 0 
4212792 : 5943 6 7 0 12 0 10 0 10 0 10 0 10 0 8 0 12 0 7 0 12 0 8 0 12 0 8 0 12 0 8 0 12 0 8 0 12 0 9 0 10 0 9 0 10 0 7 0 12 0 7 0 12 0 8 0 12 0 8 0 12 0 8 0 12 0 8 0 12 0 9 0 10 0 9 0 10 0 7 0 12 0 7 0 12 0 8 0 12 0 8 0 12 0 8 0 12 0 8 0 
4212909 : 67831 6 117 0 0 0 0 0 0 0 0 0 0 0 0 0 0 0 0 0 0 0 0 0 0 0 0 0 0 0 0 0 0 0 0 0 0 0 0 0 0 0 0 0 0 0 0 0 0 0 0 0 0 0 0 0 0 0 0 0 0 0 0 0 0 0 0 0 0 1 0 0 0 0 0 23 0 0 8 0 0 0 1 0 0 0 0 0 0 0 0 0 0 0 0 0 0 0 0 0 
4212935 : 67831 6 1 0 0 0 0 2 0 1 0 0 1 0 0 0 1 0 0 0 0 0 2 0 0 0 0 0 0 0 0 0 0 0 0 0 0 0 0 0 0 0 0 0 1 0 0 0 0 1 0 1 0 0 0 0 0 0 1 0 0 0 0 0 0 0 0 0 0 0 0 0 0 0 0 0 0 0 0 0 0 0 0 0 0 0 0 0 1 0 0 2 0 0 2 0 0 0 0 0 
4213037 : 67832 6 118 0 0 0 0 0 0 0 0 0 0 0 0 0 0 0 0 0 0 0 0 0 0 0 0 0 0 0 0 0 0 0 0 0 0 0 0 0 0 0 0 0 0 0 0 0 0 0 0 0 0 0 0 0 0 0 0 0 0 0 0 0 0 0 0 0 0 1 0 0 0 0 0 23 0 0 8 0 0 0 1 0 0 0 0 0 0 0 0 0 0 0 0 0 0 0 0 0 
4213055 : 28759 6 0 1 0 0 0 0 0 0 0 0 0 0 0 0 0 0 0 0 0 0 0 0 0 0 0 0 0 0 0 0 0 0 0 0 0 0 0 0 0 0 0 1 0 0 0 0 0 0 0 0 0 0 0 0 0 0 0 0 0 0 0 0 1 0 0 0 0 0 2 0 0 0 1 0 1 0 2 0 0 0 0 0 1 0 0 0 0 0 0 1 0 0 1 0 0 1 0 1 
4213091 : 67840 6 0 0 0 0 0 0 0 0 0 0 0 0 0 0 0 0 0 0 0 0 0 0 0 0 0 0 0 0 0 0 0 0 0 0 0 0 0 0 0 0 0 0 0 0 0 0 0 0 0 0 0 0 0 0 0 0 0 0 0 0 0 0 0 0 0 0 0 0 0 0 0 0 0 0 0 0 0 0 0 0 0 0 0 0 0 0 0 0 0 0 0 0 0 0 0 0 0 0 
4213116 : 67840 6 1 0 0 1 0 1 0 1 0 0 1 0 0 3 0 2 0 1 0 1 0 2 0 1 0 1 0 0 3 0 0 3 0 2 0 1 0 1 0 0 1 0 0 3 0 2 0 1 0 1 0 1 0 4 0 0 0 0 0 2 0 0 0 2 0 1 0 8 0 0 1 0 21 0 1 0 0 0 0 0 0 0 0 6 0 7 0 17 0 0 9 0 4 0 3 0 6 0 
4213157 : 40655 6 0 0 2 0 1 0 0 0 4 0 4 0 0 0 0 0 0 0 1 0 0 0 0 0 0 0 0 0 3 0 4 0 0 0 0 0 0 7 0 1 0 4 0 10 0 4 0 1 0 0 1 0 0 2 0 1 0 0 2 0 1 0 0 0 0 8 0 1 0 0 0 2 0 0 3 0 0 2 0 0 0 1 0 1 0 0 0 0 0 0 0 0 0 0 1 0 0 0 
4213185 : 67848 6 6 0 0 1 0 3 0 1 0 0 1 0 0 3 0 2 0 1 0 1 0 7 0 1 0 1 0 0 3 0 0 3 0 2 0 1 0 1 0 5 0 1 0 0 3 0 2 0 1 0 1 0 1 0 4 0 0 1 0 0 0 2 0 0 0 2 0 1 0 8 0 0 1 0 27 0 1 0 0 0 0 0 0 0 1 0 5 0 7 0 17 0 0 3 0 2 0 3 
4213220 : 40655 6 5 0 6 0 9 0 10 0 13 0 14 0 15 0 16 0 18 0 0 14 0 0 0 0 1 0 2 0 3 0 0 4 0 0 1 0 0 0 0 0 0 0 1 0 2 0 5 0 6 0 9 0 10 0 13 0 14 0 15 0 16 0 18 0 0 14 0 0 0 0 1 0 2 0 3 0 0 4 0 0 1 0 0 0 0 0 0 0 1 0 2 0 5 0 6 0 9 0 
4216742 : 6750 6 4 0 1 0 0 0 0 1 0 0 0 1 0 4 0 0 0 0 0 0 4 0 1 0 1 0 0 0 0 1 0 0 5 0 0 0 0 0 0 4 0 1 0 1 0 0 0 0 1 0 0 5 0 0 0 0 0 0 4 0 0 0 0 1 0 1 0 1 0 1 0 4 0 0 0 0 0 4 0 0 0 0 1 0 1 0 1 0 1 0 4 0 0 0 0 0 4 0 
4217685 : 1257 6 5 0 6 0 18 0 6 0 6 0 6 0 18 0 6 0 6 0 6 0 18 0 6 0 6 0 6 0 18 0 6 0 6 0 6 0 18 0 6 0 6 0 6 0 18 0 6 0 6 0 6 0 18 0 6 0 6 0 6 0 18 0 6 0 6 0 6 0 18 0 6 0 6 0 6 0 18 0 6 0 6 0 6 0 18 0 6 0 6 0 6 0 18 0 6 0 6 0 
4218081 : 1067 6 0 0 0 0 0 0 0 0 0 0 0 2 0 2 0 1 0 1 0 1 0 1 0 0 0 0 0 0 0 0 0 0 0 0 0 0 0 0 0 0 0 0 0 2 0 2 0 1 0 1 0 1 0 1 0 0 0 0 0 0 0 0 0 0 0 0 0 0 0 0 0 0 0 0 0 2 0 2 0 1 0 1 0 1 0 1 0 0 0 0 0 0 0 0 0 0 0 0 
4218259 : 7279 6 2 0 0 7 0 0 18 0 0 7 0 0 18 0 0 7 0 0 18 0 0 7 0 0 18 0 0 7 0 0 18 0 0 7 0 0 18 0 0 7 0 0 18 0 0 7 0 0 18 0 0 7 0 0 18 0 0 7 0 0 18 0 0 7 0 0 18 0 0 7 0 0 18 0 0 7 0 0 18 0 0 7 0 0 18 0 0 7 0 0 18 0 0 7 0 0 18 0 
4236547 : 63283 6 2 0 0 3 0 2 0 0 2 0 0 1 0 1 0 0 0 0 0 2 0 0 2 0 4 0 1 0 0 1 0 0 0 2 0 0 2 0 2 0 1 0 2 0 3 0 0 0 0 0 0 1 0 0 0 0 0 0 0 3 0 3 0 0 8 0 0 23 0 0 1 0 0 2 0 34 0 11 0 17 0 0 40 0 0 5 0 0 0 0 0 0 6 0 0 3 0 2 
4236594 : 51004 6 0 0 0 0 0 0 0 0 0 0 0 0 0 0 0 0 0 0 0 0 0 0 0 0 0 0 0 0 0 0 0 0 0 0 0 0 0 0 0 0 0 0 0 0 0 0 0 0 0 0 0 0 0 0 0 0 0 0 0 0 0 0 0 1 0 0 0 0 0 0 0 0 0 0 0 0 0 0 0 0 0 0 0 0 0 0 0 0 0 0 0 0 0 0 0 0 0 0 
4236608 : 42214 6 0 0 0 0 0 3 0 0 0 0 0 0 0 0 0 0 0 0 4 0 0 0 0 0 0 0 0 0 0 0 0 0 0 0 0 0 0 0 0 0 0 0 0 0 0 0 0 0 0 0 0 0 0 0 0 0 0 0 0 0 1 0 0 0 0 0 0 0 0 0 0 0 0 0 0 0 0 0 0 0 0 0 0 0 0 0 0 0 0 0 0 0 0 0 0 0 0 0 
4236620 : 33307 6 0 0 3 0 1 0 1 0 1 0 1 0 1 0 1 0 1 0 1 0 1 0 1 0 1 0 1 0 3 0 0 0 0 0 0 0 0 0 0 0 0 0 0 0 0 0 0 0 0 0 0 0 0 0 0 0 0 0 0 0 0 0 0 0 0 1 0 0 0 0 0 0 0 0 0 0 0 0 0 0 0 0 0 0 0 0 0 0 0 0 0 0 0 0 0 0 0 0 
4236624 : 26140 6 0 0 12 0 0 0 0 0 0 0 0 0 0 0 0 0 0 0 0 0 0 0 0 0 0 0 0 0 0 0 0 0 0 0 0 0 0 0 0 0 0 0 0 0 0 0 0 0 0 0 0 0 0 0 0 0 0 0 0 0 0 0 0 0 0 0 0 0 0 0 0 0 0 0 0 0 0 0 0 0 7 0 0 0 0 0 0 0 0 0 0 12 0 0 0 0 0 0 
4236649 : 24188 6 0 12 0 0 0 0 0 0 0 0 0 0 0 0 0 0 0 0 0 0 0 0 0 0 0 0 0 0 0 0 0 0 0 0 0 0 0 0 0 0 0 0 0 0 0 0 0 0 0 0 0 0 0 0 0 0 0 0 0 0 0 0 0 0 0 0 0 0 0 0 0 0 7 0 0 0 0 0 0 0 0 0 12 0 0 0 0 0 0 0 0 0 0 0 0 0 0 0 
4236738 : 4265 6 0 0 0 0 0 0 0 0 0 10 0 0 0 0 10 0 0 0 0 10 0 0 10 0 0 10 0 0 0 0 0 0 0 0 0 0 0 10 0 0 0 0 0 0 0 0 0 0 0 10 0 0 0 0 0 0 0 0 0 0 0 10 0 0 0 0 0 0 0 0 0 0 0 10 0 0 0 0 10 0 0 0 0 10 0 0 10 0 0 10 0 0 0 0 0 0 0 0 
4236742 : 1755 6 4 0 3 0 2 0 0 2 0 0 10 0 3 0 6 0 3 0 6 0 3 0 6 0 3 0 2 0 0 2 0 0 10 0 3 0 6 0 3 0 6 0 3 0 6 0 3 0 2 0 0 2 0 0 10 0 3 0 6 0 3 0 6 0 3 0 6 0 3 0 2 0 0 2 0 0 10 0 3 0 6 0 3 0 6 0 3 0 6 0 3 0 2 0 0 2 0 0 
4236756 : 8790 6 0 0 0 0 0 0 0 0 17 0 0 0 0 0 0 0 0 0 2 0 0 0 0 0 0 0 0 0 0 17 0 0 0 0 0 0 0 2 0 0 0 0 0 0 0 0 0 0 0 0 17 0 0 0 0 0 0 0 2 0 0 0 0 0 0 0 0 10 0 0 0 0 0 0 0 0 0 0 0 2 0 0 0 0 0 0 0 10 0 0 0 0 0 0 0 0 0 0 
4236784 : 25034 6 0 0 0 0 1 0 0 1 0 0 0 0 0 1 0 0 0 0 0 1 0 0 0 0 0 1 0 0 0 0 0 1 0 0 0 0 0 1 0 1 0 0 0 0 0 0 0 0 1 0 0 0 0 0 1 0 0 0 0 0 0 0 1 0 0 1 0 0 0 0 0 1 0 0 0 0 0 1 0 1 0 0 1 0 1 0 0 1 0 0 0 0 0 1 0 0 0 0 
4236796 : 23590 6 9 0 5 0 5 0 5 0 5 0 9 0 5 0 5 0 9 0 5 0 13 0 5 0 9 0 5 0 5 0 5 0 5 0 9 0 9 0 5 0 7 0 13 0 5 0 13 0 5 0 5 0 5 0 5 0 5 0 9 0 9 0 5 0 7 0 13 0 5 0 13 0 5 0 5 0 5 0 5 0 5 0 7 0 9 0 9 0 5 0 13 0 5 0 9 0 5 0 
4236817 : 4267 6 0 6 0 2 0 3 0 1 0 0 6 0 0 1 0 2 0 1 0 0 1 0 6 0 0 1 0 2 0 1 0 0 1 0 5 0 1 0 0 3 0 1 0 0 5 0 1 0 0 3 0 1 0 0 6 0 2 0 3 0 1 0 0 6 0 2 0 3 0 1 0 0 6 0 2 0 3 0 1 0 0 6 0 2 0 3 0 1 0 0 6 0 0 1 0 2 0 1 
4283957 : 40647 6 117 0 0 4 0 0 0 0 2 0 6 0 0 0 0 0 7 0 0 3 0 3 0 122 0 0 4 0 0 0 0 2 0 6 0 0 0 0 0 7 0 0 3 0 3 0 122 0 0 4 0 0 0 0 2 0 6 0 0 0 0 0 7 0 0 3 0 3 0 122 0 0 1 0 0 0 0 2 0 6 0 0 0 0 0 7 0 0 3 0 126 0 0 1 0 0 0 0 
4284076 : 40647 6 0 0 0 0 0 0 0 0 0 0 0 0 0 0 0 0 0 0 0 0 0 0 0 0 0 0 0 0 0 0 0 0 0 0 0 0 0 0 0 0 0 0 0 0 0 0 0 0 0 0 0 0 0 0 0 0 0 0 0 0 0 0 0 0 0 0 0 0 0 0 0 0 0 0 0 0 0 0 0 0 0 0 0 0 0 0 0 0 0 0 0 0 0 0 0 0 0 0 
4284163 : 10968 6 0 0 0 0 0 0 1 0 1 0 1 0 2 0 0 0 0 0 0 0 0 0 0 0 0 0 0 0 1 0 2 0 1 0 2 0 0 0 0 0 0 0 1 0 1 0 2 0 2 0 0 0 0 0 0 0 0 0 0 0 0 0 0 0 1 0 2 0 1 0 2 0 0 0 0 0 0 0 1 0 1 0 1 0 2 0 0 0 0 0 0 0 0 0 0 0 0 0 
4284191 : 40647 6 0 2 0 1 0 0 5 0 1 0 0 0 0 0 0 0 1 0 0 0 0 0 0 0 0 3 0 3 0 0 0 0 0 0 0 2 0 3 0 1 0 0 4 0 3 0 1 0 2 0 5 0 0 1 0 0 2 0 1 0 0 2 0 1 0 0 0 8 0 1 0 0 0 2 0 0 3 0 0 2 0 0 2 0 1 0 0 4 0 0 1 0 1 0 2 0 5 0 
4284253 : 40647 6 117 0 0 4 0 0 0 0 1 0 0 0 0 0 1 0 0 0 0 1 0 0 7 0 0 3 0 3 0 122 0 0 4 0 0 0 0 1 0 0 0 0 0 1 0 0 0 0 1 0 0 7 0 0 3 0 3 0 122 0 0 4 0 0 0 0 1 0 0 0 0 0 1 0 0 0 0 1 0 0 7 0 0 3 0 3 0 122 0 0 1 0 0 0 0 1 0 0 
4284311 : 8352 6 3 0 4 0 2 0 0 0 0 0 0 0 0 0 2 0 2 0 1 0 0 0 0 0 3 0 4 0 3 0 0 0 0 0 0 0 0 2 0 2 0 1 0 0 0 0 0 3 0 4 0 2 0 0 0 0 0 0 0 0 0 2 0 2 0 1 0 0 0 0 0 3 0 4 0 3 0 0 0 0 0 0 0 0 2 0 2 0 1 0 0 0 0 3 0 4 0 2 
4284319 : 40647 6 117 0 0 5 0 0 0 1 0 0 0 0 0 1 0 0 0 0 1 0 0 7 0 0 3 0 3 0 122 0 0 5 0 0 0 1 0 0 0 0 0 1 0 0 0 0 1 0 0 7 0 0 3 0 3 0 122 0 0 5 0 0 0 1 0 0 0 0 0 1 0 0 0 0 1 0 0 7 0 0 3 0 3 0 122 0 0 2 0 0 0 1 0 0 0 0 0 1 
4284341 : 8352 6 13 0 3 0 1 0 25 0 3 0 1 0 25 0 3 0 1 0 25 0 3 0 1 0 24 0 3 0 1 0 24 0 3 0 1 0 24 0 3 0 1 0 24 0 3 0 1 0 24 0 3 0 1 0 24 0 3 0 1 0 24 0 3 0 1 0 24 0 3 0 1 0 24 0 3 0 1 0 24 0 3 0 1 0 24 0 3 0 1 0 24 0 3 0 1 0 24 0 
4284387 : 40647 6 128 0 162 0 162 0 159 0 159 0 162 0 162 0 162 0 162 0 162 0 162 0 159 0 159 0 162 0 162 0 162 0 162 0 162 0 162 0 159 0 159 0 162 0 162 0 162 0 162 0 162 0 162 0 159 0 159 0 162 0 162 0 162 0 162 0 162 0 162 0 159 0 162 0 165 0 165 0 165 0 165 0 165 0 165 0 162 0 162 0 165 0 165 0 165 0 165 0 
2147888924 : 9 6 4 0 2 0 1 
2151881210 : 4 6 0 1 0 0 
2151881285 : 4 6 1 0 0 0 
2151881381 : 4 6 0 3 
2151881642 : 5 6 0 0 3 
2151881650 : 2 6 0 1 
2151881661 : 4 6 0 2 0 
3199965971 : 3 6 0 0 1 
3201070409 : 4 6 0 0 0 1 
