4206670 : 753 6 0 2 0 2 0 2 0 2 0 2 0 2 0 2 0 2 0 2 0 2 0 2 0 2 0 2 0 2 0 2 0 2 0 2 0 2 0 2 0 2 0 2 0 2 0 2 0 2 0 2 0 2 0 2 0 2 0 2 0 2 0 2 0 2 0 2 0 2 0 2 0 2 0 2 0 2 0 2 0 2 0 2 0 2 0 2 0 2 0 2 0 2 0 2 0 2 0 2 
4206723 : 753 6 0 1 0 0 1 0 0 1 0 0 1 0 0 1 0 0 1 0 0 1 0 0 1 0 0 1 0 0 1 0 0 1 0 0 1 0 0 1 0 0 1 0 0 1 0 0 1 0 0 1 0 0 1 0 0 1 0 0 1 0 0 1 0 0 1 0 0 1 0 0 1 0 0 1 0 0 1 0 0 1 0 0 1 0 0 1 0 0 1 0 0 1 0 0 1 0 0 1 
4212027 : 753 6 2 0 2 0 2 0 2 0 2 0 2 0 2 0 2 0 2 0 2 0 2 0 2 0 2 0 2 0 2 0 2 0 2 0 2 0 2 0 2 0 2 0 2 0 2 0 2 0 2 0 2 0 2 0 2 0 2 0 2 0 2 0 2 0 2 0 2 0 2 0 2 0 2 0 2 0 2 0 2 0 2 0 2 0 2 0 2 0 2 0 2 0 2 0 2 0 2 0 
4212052 : 1506 6 5 0 5 0 5 0 5 0 5 0 5 0 5 0 5 0 5 0 5 0 5 0 5 0 5 0 5 0 5 0 5 0 5 0 5 0 5 0 5 0 5 0 5 0 5 0 5 0 5 0 5 0 5 0 5 0 5 0 5 0 5 0 5 0 5 0 5 0 5 0 5 0 5 0 5 0 5 0 5 0 5 0 5 0 5 0 5 0 5 0 5 0 5 0 5 0 5 0 
4212175 : 14809 6 0 6 0 0 1 0 0 1 0 1 0 1 0 0 1 0 0 2 0 0 1 0 1 0 1 0 3 0 0 0 1 0 3 0 0 0 1 0 3 0 0 0 1 0 1 0 0 0 6 0 0 1 0 0 1 0 1 0 1 0 0 1 0 0 2 0 0 1 0 1 0 1 0 3 0 0 0 1 0 3 0 0 0 1 0 3 0 0 0 1 0 1 0 0 0 6 0 0 
4212237 : 7279 6 2 0 1 0 0 0 2 0 0 6 0 0 3 0 3 0 4 0 1 0 0 0 2 0 0 6 0 0 3 0 3 0 4 0 1 0 0 0 2 0 0 6 0 0 3 0 3 0 4 0 1 0 0 0 2 0 0 6 0 0 3 0 8 0 1 0 0 0 2 0 0 6 0 0 3 0 8 0 1 0 0 0 2 0 0 6 0 0 3 0 8 0 1 0 0 0 2 0 
4212270 : 7279 6 2 0 1 0 0 0 2 0 0 6 0 0 3 0 3 0 4 0 1 0 0 0 2 0 0 6 0 0 3 0 3 0 4 0 1 0 0 0 2 0 0 6 0 0 3 0 3 0 4 0 1 0 0 0 2 0 0 6 0 0 3 0 8 0 1 0 0 0 2 0 0 6 0 0 3 0 8 0 1 0 0 0 2 0 0 6 0 0 3 0 8 0 1 0 0 0 2 0 
4212295 : 7279 6 0 0 9 0 0 0 0 0 0 2 0 0 0 1 0 0 0 1 0 0 0 0 9 0 0 0 0 0 0 2 0 0 0 1 0 0 0 1 0 0 0 0 9 0 0 0 0 0 0 2 0 0 0 1 0 0 0 1 0 0 0 0 9 0 0 0 0 0 0 2 0 0 0 1 0 0 0 0 0 0 0 0 9 0 0 0 0 0 0 2 0 0 0 1 0 0 0 0 
4212414 : 40647 6 0 2 0 1 0 0 8 0 0 0 0 0 0 1 0 0 0 0 0 0 0 0 3 0 4 0 0 0 0 0 7 0 1 0 14 0 5 0 0 1 0 0 2 0 1 0 0 2 0 1 0 0 0 8 0 1 0 0 0 2 0 0 3 0 0 2 0 0 0 0 0 1 0 0 1 0 0 0 0 0 0 0 0 0 1 0 0 0 0 1 0 0 0 0 0 0 0 0 
4212500 : 60232 6 0 3 0 0 0 1 0 2 0 3 0 5 0 0 2 0 0 1 0 0 0 0 1 0 2 0 3 0 0 2 0 1 0 2 0 1 0 6 0 7 0 0 0 2 0 0 0 11 0 2 0 0 0 0 0 0 0 0 0 0 0 0 0 0 0 0 0 0 0 0 0 0 0 2 0 4 0 0 0 0 0 0 0 0 0 0 0 0 0 0 0 0 0 0 0 0 0 0 
4212662 : 67831 6 0 2 0 0 0 0 1 0 5 0 0 1 0 1 0 3 0 0 2 0 1 0 1 0 5 0 0 1 0 1 0 1 0 6 0 0 1 0 1 0 2 0 0 0 0 0 2 0 0 0 2 0 0 3 0 1 0 0 1 0 0 0 0 2 0 0 0 0 0 0 0 0 0 0 0 0 0 0 0 0 0 0 0 0 0 0 0 0 0 1 0 5 0 0 0 0 0 0 
4212677 : 48649 6 106 0 0 0 0 0 0 0 0 0 0 0 0 0 0 0 0 0 0 0 0 0 0 0 0 0 0 0 0 0 0 0 0 0 0 0 0 0 0 0 0 0 0 0 0 0 0 0 0 0 0 0 0 0 0 0 0 0 0 0 15 0 0 4 0 3 0 113 0 0 0 0 0 0 0 0 0 0 0 0 0 0 0 0 0 0 0 0 0 0 0 0 0 0 0 0 0 0 
4212715 : 16097 6 0 0 0 0 0 1 0 13 0 0 0 4 0 11 0 3 0 4 0 0 0 1 0 0 3 0 0 0 0 0 0 0 0 0 0 0 1 0 1 0 9 0 0 0 4 0 11 0 3 0 8 0 0 1 0 3 0 0 0 0 0 0 0 0 0 0 0 1 0 1 0 13 0 0 0 4 0 11 0 3 0 4 0 0 1 0 3 0 0 0 0 0 0 0 0 0 0 0 
4212792 : 5943 6 7 0 12 0 10 0 10 0 10 0 10 0 8 0 12 0 7 0 12 0 8 0 12 0 8 0 12 0 8 0 12 0 8 0 12 0 9 0 10 0 9 0 10 0 7 0 12 0 7 0 12 0 8 0 12 0 8 0 12 0 8 0 12 0 8 0 12 0 9 0 10 0 9 0 10 0 7 0 12 0 7 0 12 0 8 0 12 0 8 0 12 0 8 0 12 0 8 0 
4212909 : 67831 6 117 0 0 0 0 0 0 0 0 0 0 0 0 0 0 0 0 0 0 0 0 0 0 0 0 0 0 0 0 0 0 0 0 0 0 0 0 0 0 0 0 0 0 0 0 0 0 0 0 0 0 0 0 0 0 0 0 0 0 0 0 0 0 0 0 0 0 1 0 0 0 0 0 23 0 0 8 0 0 0 1 0 0 0 0 0 0 0 0 0 0 0 0 0 0 0 0 0 
4212935 : 67831 6 1 0 0 0 0 2 0 1 0 0 1 0 0 0 1 0 0 0 0 0 2 0 0 0 0 0 0 0 0 0 0 0 0 0 0 0 0 0 0 0 0 0 1 0 0 0 0 1 0 1 0 0 0 0 0 0 1 0 0 0 0 0 0 0 0 0 0 0 0 0 0 0 0 0 0 0 0 0 0 0 0 0 0 0 0 0 1 0 0 2 0 0 2 0 0 0 0 0 
4213037 : 67832 6 118 0 0 0 0 0 0 0 0 0 0 0 0 0 0 0 0 0 0 0 0 0 0 0 0 0 0 0 0 0 0 0 0 0 0 0 0 0 0 0 0 0 0 0 0 0 0 0 0 0 0 0 0 0 0 0 0 0 0 0 0 0 0 0 0 0 0 1 0 0 0 0 0 23 0 0 8 0 0 0 1 0 0 0 0 0 0 0 0 0 0 0 0 0 0 0 0 0 
4213055 : 28759 6 0 1 0 0 0 0 0 0 0 0 0 0 0 0 0 0 0 0 0 0 0 0 0 0 0 0 0 0 0 0 0 0 0 0 0 0 0 0 0 0 0 1 0 0 0 0 0 0 0 0 0 0 0 0 0 0 0 0 0 0 0 0 1 0 0 0 0 0 2 0 0 0 1 0 1 0 2 0 0 0 0 0 1 0 0 0 0 0 0 1 0 0 1 0 0 1 0 1 
4213091 : 67840 6 0 0 0 0 0 0 0 0 0 0 0 0 0 0 0 0 0 0 0 0 0 0 0 0 0 0 0 0 0 0 0 0 0 0 0 0 0 0 0 0 0 0 0 0 0 0 0 0 0 0 0 0 0 0 0 0 0 0 0 0 0 0 0 0 0 0 0 0 0 0 0 0 0 0 0 0 0 0 0 0 0 0 0 0 0 0 0 0 0 0 0 0 0 0 0 0 0 0 
4213116 : 67840 6 1 0 0 1 0 1 0 1 0 0 1 0 0 3 0 2 0 1 0 1 0 2 0 1 0 1 0 0 3 0 0 3 0 2 0 1 0 1 0 0 1 0 0 3 0 2 0 1 0 1 0 1 0 4 0 0 0 0 0 2 0 0 0 2 0 1 0 8 0 0 1 0 21 0 1 0 0 0 0 0 0 0 0 6 0 7 0 17 0 0 9 0 4 0 3 0 6 0 
4213157 : 40655 6 0 0 2 0 1 0 0 0 4 0 4 0 0 0 0 0 0 0 1 0 0 0 0 0 0 0 0 0 3 0 4 0 0 0 0 0 0 7 0 1 0 4 0 10 0 4 0 1 0 0 1 0 0 2 0 1 0 0 2 0 1 0 0 0 0 8 0 1 0 0 0 2 0 0 3 0 0 2 0 0 0 1 0 1 0 0 0 0 0 0 0 0 0 0 1 0 0 0 
4213185 : 67848 6 6 0 0 1 0 3 0 1 0 0 1 0 0 3 0 2 0 1 0 1 0 7 0 1 0 1 0 0 3 0 0 3 0 2 0 1 0 1 0 5 0 1 0 0 3 0 2 0 1 0 1 0 1 0 4 0 0 1 0 0 0 2 0 0 0 2 0 1 0 8 0 0 1 0 27 0 1 0 0 0 0 0 0 0 1 0 5 0 7 0 17 0 0 3 0 2 0 3 
4213220 : 40655 6 5 0 6 0 9 0 10 0 13 0 14 0 15 0 16 0 18 0 0 14 0 0 0 0 1 0 2 0 3 0 0 4 0 0 1 0 0 0 0 0 0 0 1 0 2 0 5 0 6 0 9 0 10 0 13 0 14 0 15 0 16 0 18 0 0 14 0 0 0 0 1 0 2 0 3 0 0 4 0 0 1 0 0 0 0 0 0 0 1 0 2 0 5 0 6 0 9 0 
4215312 : 4705 6 0 0 1 0 0 0 0 0 0 1 0 1 0 0 0 0 1 0 0 0 0 1 0 0 0 0 0 0 1 0 1 0 0 0 0 1 0 0 0 0 1 0 0 0 0 0 0 1 0 1 0 0 0 0 1 0 0 0 0 1 0 0 0 0 0 0 1 0 1 0 0 0 1 0 1 0 0 0 0 1 0 0 0 0 0 0 1 0 1 0 0 0 1 0 1 0 0 0 
4215368 : 4705 6 0 0 1 0 0 0 0 0 0 1 0 1 0 0 0 0 1 0 0 0 0 1 0 0 0 0 0 0 1 0 1 0 0 0 0 1 0 0 0 0 1 0 0 0 0 0 0 1 0 1 0 0 0 0 1 0 0 0 0 1 0 0 0 0 0 0 1 0 1 0 0 0 1 0 1 0 0 0 0 1 0 0 0 0 0 0 1 0 1 0 0 0 1 0 1 0 0 0 
4216183 : 2574 6 1 0 0 0 0 0 1 0 0 0 1 0 0 0 0 0 1 0 0 0 1 0 0 0 0 0 1 0 0 0 1 0 0 0 0 0 1 0 0 1 0 0 0 0 0 1 0 0 1 0 0 0 0 0 1 0 0 1 0 0 0 0 0 1 0 0 1 0 0 0 0 0 1 0 0 1 0 0 0 0 0 1 0 0 1 0 0 0 0 0 1 0 0 1 0 0 0 0 
4216742 : 6750 6 4 0 1 0 0 0 0 1 0 0 0 1 0 4 0 0 0 0 0 0 4 0 1 0 1 0 0 0 0 1 0 0 5 0 0 0 0 0 0 4 0 1 0 1 0 0 0 0 1 0 0 5 0 0 0 0 0 0 4 0 0 0 0 1 0 1 0 1 0 1 0 4 0 0 0 0 0 4 0 0 0 0 1 0 1 0 1 0 1 0 4 0 0 0 0 0 4 0 
4217312 : 3514 6 13 0 13 0 13 0 13 0 13 0 13 0 13 0 13 0 13 0 13 0 13 0 13 0 13 0 13 0 13 0 13 0 13 0 13 0 13 0 13 0 13 0 13 0 13 0 13 0 13 0 13 0 13 0 13 0 13 0 13 0 13 0 13 0 13 0 13 0 13 0 13 0 13 0 13 0 13 0 13 0 13 0 13 0 13 0 13 0 13 0 13 0 13 0 13 0 13 0 
4217384 : 7279 6 28 0 28 0 28 0 28 0 28 0 28 0 28 0 28 0 28 0 28 0 28 0 28 0 28 0 28 0 28 0 28 0 28 0 28 0 28 0 28 0 28 0 28 0 28 0 28 0 28 0 28 0 28 0 28 0 28 0 28 0 28 0 28 0 28 0 28 0 28 0 28 0 28 0 28 0 28 0 28 0 28 0 28 0 28 0 28 0 28 0 28 0 28 0 28 0 28 0 
4217534 : 1761 6 0 0 1 0 0 0 0 0 0 0 1 0 0 1 0 0 0 0 0 0 0 1 0 0 1 0 0 1 0 0 1 0 0 1 0 0 1 0 0 0 0 0 0 0 1 0 0 1 0 0 0 0 0 0 0 1 0 0 1 0 0 0 0 0 0 0 1 0 0 1 0 0 0 0 0 0 0 1 0 0 1 0 0 1 0 0 1 0 0 1 0 0 1 0 0 0 0 0 
4217609 : 503 6 0 1 0 0 1 0 0 0 0 0 0 1 0 0 1 0 0 1 0 0 1 0 0 0 0 0 0 1 0 0 1 0 0 1 0 0 1 0 0 0 0 0 0 1 0 0 1 0 0 1 0 0 1 0 0 0 0 0 0 1 0 0 1 0 0 1 0 0 1 0 0 0 0 0 0 1 0 0 1 0 0 1 0 0 1 0 0 0 0 0 0 1 0 0 1 0 0 1 
4217641 : 377 6 1 0 1 0 5 0 1 0 1 0 1 0 5 0 1 0 1 0 1 0 5 0 1 0 1 0 1 0 5 0 1 0 1 0 1 0 5 0 1 0 1 0 1 0 5 0 1 0 1 0 1 0 5 0 1 0 1 0 1 0 5 0 1 0 1 0 1 0 5 0 1 0 1 0 1 0 5 0 1 0 1 0 1 0 5 0 1 0 1 0 1 0 5 0 1 0 1 0 
4217679 : 1508 6 0 1 0 0 0 0 0 1 0 1 0 0 0 0 0 1 0 3 0 3 0 1 0 1 0 1 0 1 0 1 0 0 0 0 0 1 0 1 0 0 0 0 0 1 0 1 0 0 0 0 0 1 0 1 0 0 0 0 0 1 0 3 0 3 0 1 0 1 0 1 0 1 0 1 0 0 0 0 0 1 0 1 0 0 0 0 0 1 0 1 0 0 0 0 0 1 0 1 
4217685 : 1257 6 5 0 6 0 18 0 6 0 6 0 6 0 18 0 6 0 6 0 6 0 18 0 6 0 6 0 6 0 18 0 6 0 6 0 6 0 18 0 6 0 6 0 6 0 18 0 6 0 6 0 6 0 18 0 6 0 6 0 6 0 18 0 6 0 6 0 6 0 18 0 6 0 6 0 6 0 18 0 6 0 6 0 6 0 18 0 6 0 6 0 6 0 18 0 6 0 6 0 
4217756 : 691 6 1 0 0 1 0 0 11 0 0 1 0 0 1 0 0 1 0 0 11 0 0 1 0 0 1 0 0 1 0 0 11 0 0 1 0 0 1 0 0 1 0 0 11 0 0 1 0 0 1 0 0 1 0 0 11 0 0 1 0 0 1 0 0 1 0 0 11 0 0 1 0 0 1 0 0 1 0 0 11 0 0 1 0 0 1 0 0 1 0 0 11 0 0 1 0 0 1 0 
4217758 : 252 6 1 0 1 0 1 0 1 0 1 0 1 0 1 0 1 0 1 0 1 0 1 0 1 0 1 0 1 0 1 0 1 0 1 0 1 0 1 0 1 0 1 0 1 0 1 0 1 0 1 0 1 0 1 0 1 0 1 0 1 0 1 0 1 0 1 0 1 0 1 0 1 0 1 0 1 0 1 0 1 0 1 0 1 0 1 0 1 0 1 0 1 0 1 0 1 0 1 0 
4217884 : 439 6 0 0 0 0 1 0 0 1 0 1 0 1 0 0 0 0 0 0 1 0 0 1 0 1 0 1 0 0 0 0 0 0 1 0 0 1 0 1 0 1 0 0 0 0 0 0 1 0 0 1 0 1 0 1 0 0 0 0 0 0 1 0 0 1 0 1 0 1 0 0 0 0 0 0 1 0 0 1 0 1 0 1 0 0 0 0 0 0 1 0 0 1 0 1 0 1 0 0 
4217912 : 377 6 1 0 1 0 0 0 0 0 1 0 1 0 1 0 1 0 0 0 0 0 1 0 1 0 1 0 1 0 0 0 0 0 1 0 1 0 1 0 1 0 0 0 0 0 1 0 1 0 1 0 1 0 0 0 0 0 1 0 1 0 1 0 1 0 0 0 0 0 1 0 1 0 1 0 1 0 0 0 0 0 1 0 1 0 1 0 1 0 0 0 0 0 1 0 1 0 1 0 
4218017 : 6597 6 0 0 1 0 0 0 0 1 0 0 0 1 0 0 0 0 0 0 0 0 1 0 0 1 0 0 1 0 0 0 0 1 0 0 0 1 0 0 0 0 1 0 0 0 1 0 0 0 0 0 0 0 0 1 0 0 1 0 0 1 0 0 0 0 1 0 0 0 1 0 0 1 0 1 0 0 0 0 0 1 0 0 0 1 0 0 0 0 0 1 0 0 1 0 1 0 0 0 
4218029 : 5780 6 7 0 7 0 11 0 7 0 7 0 11 0 7 0 5 0 5 0 7 0 5 0 5 0 7 0 7 0 7 0 7 0 7 0 7 0 11 0 7 0 7 0 11 0 7 0 7 0 11 0 7 0 7 0 11 0 7 0 5 0 5 0 7 0 5 0 5 0 7 0 7 0 7 0 7 0 7 0 7 0 11 0 7 0 7 0 11 0 7 0 7 0 11 0 7 0 7 0 
4218076 : 1507 6 0 1 0 0 0 0 1 0 1 0 0 0 0 1 0 0 2 0 0 0 2 0 0 0 1 0 0 0 0 1 0 0 0 1 0 0 0 0 1 0 1 0 0 0 0 1 0 1 0 0 0 0 1 0 1 0 0 0 0 1 0 0 2 0 0 0 2 0 0 0 1 0 0 0 0 1 0 0 0 1 0 0 0 0 1 0 1 0 0 0 0 1 0 1 0 0 0 0 
4218081 : 1067 6 0 0 0 0 0 0 0 0 0 0 0 2 0 2 0 1 0 1 0 1 0 1 0 0 0 0 0 0 0 0 0 0 0 0 0 0 0 0 0 0 0 0 0 2 0 2 0 1 0 1 0 1 0 1 0 0 0 0 0 0 0 0 0 0 0 0 0 0 0 0 0 0 0 0 0 2 0 2 0 1 0 1 0 1 0 1 0 0 0 0 0 0 0 0 0 0 0 0 
4218192 : 753 6 2 0 2 0 2 0 2 0 2 0 2 0 2 0 2 0 2 0 2 0 2 0 2 0 2 0 2 0 2 0 2 0 2 0 2 0 2 0 2 0 2 0 2 0 2 0 2 0 2 0 2 0 2 0 2 0 2 0 2 0 2 0 2 0 2 0 2 0 2 0 2 0 2 0 2 0 2 0 2 0 2 0 2 0 2 0 2 0 2 0 2 0 2 0 2 0 2 0 
4218214 : 1506 6 5 0 5 0 5 0 5 0 5 0 5 0 5 0 5 0 5 0 5 0 5 0 5 0 5 0 5 0 5 0 5 0 5 0 5 0 5 0 5 0 5 0 5 0 5 0 5 0 5 0 5 0 5 0 5 0 5 0 5 0 5 0 5 0 5 0 5 0 5 0 5 0 5 0 5 0 5 0 5 0 5 0 5 0 5 0 5 0 5 0 5 0 5 0 5 0 5 0 
4218236 : 14558 6 0 0 0 0 0 0 0 0 0 0 0 0 0 0 0 0 0 0 0 0 0 0 0 0 0 0 0 0 0 29 0 0 0 0 0 0 0 0 0 0 0 0 0 0 0 0 0 0 0 0 0 0 0 0 0 0 0 0 0 29 0 0 0 0 0 0 0 0 0 0 0 0 0 0 0 0 0 0 0 0 0 0 0 0 0 0 0 0 0 29 0 0 0 0 0 0 0 0 
4218259 : 7279 6 2 0 0 7 0 0 18 0 0 7 0 0 18 0 0 7 0 0 18 0 0 7 0 0 18 0 0 7 0 0 18 0 0 7 0 0 18 0 0 7 0 0 18 0 0 7 0 0 18 0 0 7 0 0 18 0 0 7 0 0 18 0 0 7 0 0 18 0 0 7 0 0 18 0 0 7 0 0 18 0 0 7 0 0 18 0 0 7 0 0 18 0 0 7 0 0 18 0 
4218308 : 14558 6 28 0 28 0 28 0 28 0 28 0 28 0 28 0 28 0 28 0 28 0 28 0 28 0 28 0 28 0 28 0 28 0 28 0 28 0 28 0 28 0 28 0 28 0 28 0 28 0 28 0 28 0 28 0 28 0 28 0 28 0 28 0 28 0 28 0 28 0 28 0 28 0 28 0 28 0 28 0 28 0 28 0 28 0 28 0 28 0 28 0 28 0 28 0 28 0 28 0 
4218318 : 502 6 1 0 1 0 1 0 1 0 1 0 1 0 1 0 1 0 1 0 1 0 1 0 1 0 1 0 1 0 1 0 1 0 1 0 1 0 1 0 1 0 1 0 1 0 1 0 1 0 1 0 1 0 1 0 1 0 1 0 1 0 1 0 1 0 1 0 1 0 1 0 1 0 1 0 1 0 1 0 1 0 1 0 1 0 1 0 1 0 1 0 1 0 1 0 1 0 1 0 
4218370 : 2008 6 1 0 1 0 1 0 1 0 1 0 1 0 1 0 1 0 1 0 1 0 1 0 1 0 1 0 1 0 1 0 1 0 1 0 1 0 1 0 1 0 1 0 1 0 1 0 1 0 1 0 1 0 1 0 1 0 1 0 1 0 1 0 1 0 1 0 1 0 1 0 1 0 1 0 1 0 1 0 1 0 1 0 1 0 1 0 1 0 1 0 1 0 1 0 1 0 1 0 
4218404 : 1004 6 0 2 0 0 2 0 0 2 0 0 2 0 0 2 0 0 2 0 0 2 0 0 2 0 0 2 0 0 2 0 0 2 0 0 2 0 0 2 0 0 2 0 0 2 0 0 2 0 0 2 0 0 2 0 0 2 0 0 2 0 0 2 0 0 2 0 0 2 0 0 2 0 0 2 0 0 2 0 0 2 0 0 2 0 0 2 0 0 2 0 0 2 0 0 2 0 0 2 
4218411 : 502 6 0 1 0 1 0 1 0 1 0 1 0 1 0 1 0 1 0 1 0 1 0 1 0 1 0 1 0 1 0 1 0 1 0 1 0 1 0 1 0 1 0 1 0 1 0 1 0 1 0 1 0 1 0 1 0 1 0 1 0 1 0 1 0 1 0 1 0 1 0 1 0 1 0 1 0 1 0 1 0 1 0 1 0 1 0 1 0 1 0 1 0 1 0 1 0 1 0 1 
4218450 : 753 6 1 0 0 1 0 0 1 0 0 1 0 0 1 0 0 1 0 0 1 0 0 1 0 0 1 0 0 1 0 0 1 0 0 1 0 0 1 0 0 1 0 0 1 0 0 1 0 0 1 0 0 1 0 0 1 0 0 1 0 0 1 0 0 1 0 0 1 0 0 1 0 0 1 0 0 1 0 0 1 0 0 1 0 0 1 0 0 1 0 0 1 0 0 1 0 0 1 0 
4218743 : 7530 6 29 0 29 0 29 0 29 0 29 0 29 0 29 0 29 0 29 0 29 0 29 0 29 0 29 0 29 0 29 0 29 0 29 0 29 0 29 0 29 0 29 0 29 0 29 0 29 0 29 0 29 0 29 0 29 0 29 0 29 0 29 0 29 0 29 0 29 0 29 0 29 0 29 0 29 0 29 0 29 0 29 0 29 0 29 0 29 0 29 0 29 0 29 0 29 0 29 0 
4218772 : 753 6 0 1 0 0 1 0 0 1 0 0 1 0 0 1 0 0 1 0 0 1 0 0 1 0 0 1 0 0 1 0 0 1 0 0 1 0 0 1 0 0 1 0 0 1 0 0 1 0 0 1 0 0 1 0 0 1 0 0 1 0 0 1 0 0 1 0 0 1 0 0 1 0 0 1 0 0 1 0 0 1 0 0 1 0 0 1 0 0 1 0 0 1 0 0 1 0 0 1 
4236541 : 114287 6 0 1 0 1 0 0 0 1 0 1 0 1 0 0 1 0 1 0 0 1 0 1 0 0 1 0 1 0 0 0 0 0 0 1 0 1 0 0 0 1 0 1 0 0 1 0 1 0 1 0 1 0 0 1 0 0 0 1 0 0 0 0 1 0 1 0 0 0 0 1 0 0 0 1 0 0 0 0 0 1 0 0 0 1 0 0 0 0 0 0 0 0 1 0 0 0 0 0 
4236547 : 63283 6 2 0 0 3 0 2 0 0 2 0 0 1 0 1 0 0 0 0 0 2 0 0 2 0 4 0 1 0 0 1 0 0 0 2 0 0 2 0 2 0 1 0 2 0 3 0 0 0 0 0 0 1 0 0 0 0 0 0 0 3 0 3 0 0 8 0 0 23 0 0 1 0 0 2 0 34 0 11 0 17 0 0 40 0 0 5 0 0 0 0 0 0 6 0 0 3 0 2 
4236594 : 51004 6 0 0 0 0 0 0 0 0 0 0 0 0 0 0 0 0 0 0 0 0 0 0 0 0 0 0 0 0 0 0 0 0 0 0 0 0 0 0 0 0 0 0 0 0 0 0 0 0 0 0 0 0 0 0 0 0 0 0 0 0 0 0 0 1 0 0 0 0 0 0 0 0 0 0 0 0 0 0 0 0 0 0 0 0 0 0 0 0 0 0 0 0 0 0 0 0 0 0 
4236608 : 42214 6 0 0 0 0 0 3 0 0 0 0 0 0 0 0 0 0 0 0 4 0 0 0 0 0 0 0 0 0 0 0 0 0 0 0 0 0 0 0 0 0 0 0 0 0 0 0 0 0 0 0 0 0 0 0 0 0 0 0 0 0 1 0 0 0 0 0 0 0 0 0 0 0 0 0 0 0 0 0 0 0 0 0 0 0 0 0 0 0 0 0 0 0 0 0 0 0 0 0 
4236620 : 33307 6 0 0 3 0 1 0 1 0 1 0 1 0 1 0 1 0 1 0 1 0 1 0 1 0 1 0 1 0 3 0 0 0 0 0 0 0 0 0 0 0 0 0 0 0 0 0 0 0 0 0 0 0 0 0 0 0 0 0 0 0 0 0 0 0 0 1 0 0 0 0 0 0 0 0 0 0 0 0 0 0 0 0 0 0 0 0 0 0 0 0 0 0 0 0 0 0 0 0 
4236624 : 26140 6 0 0 12 0 0 0 0 0 0 0 0 0 0 0 0 0 0 0 0 0 0 0 0 0 0 0 0 0 0 0 0 0 0 0 0 0 0 0 0 0 0 0 0 0 0 0 0 0 0 0 0 0 0 0 0 0 0 0 0 0 0 0 0 0 0 0 0 0 0 0 0 0 0 0 0 0 0 0 0 0 7 0 0 0 0 0 0 0 0 0 0 12 0 0 0 0 0 0 
4236649 : 24188 6 0 12 0 0 0 0 0 0 0 0 0 0 0 0 0 0 0 0 0 0 0 0 0 0 0 0 0 0 0 0 0 0 0 0 0 0 0 0 0 0 0 0 0 0 0 0 0 0 0 0 0 0 0 0 0 0 0 0 0 0 0 0 0 0 0 0 0 0 0 0 0 0 7 0 0 0 0 0 0 0 0 0 12 0 0 0 0 0 0 0 0 0 0 0 0 0 0 0 
4236709 : 25632 6 0 0 1 0 0 0 0 0 1 0 0 0 0 0 1 0 0 0 0 0 1 0 1 0 0 1 0 0 0 0 0 1 0 0 0 0 0 1 0 1 0 0 1 0 0 0 0 0 1 0 0 0 0 0 1 0 0 0 0 0 1 0 0 0 0 0 1 0 0 0 0 0 1 0 0 0 0 0 1 0 0 0 0 0 1 0 0 0 0 0 1 0 0 0 0 0 1 0 
4236721 : 25254 6 5 0 5 0 5 0 9 0 5 0 9 0 5 0 5 0 5 0 5 0 5 0 5 0 5 0 5 0 5 0 5 0 5 0 5 0 5 0 5 0 9 0 5 0 9 0 5 0 5 0 5 0 5 0 5 0 5 0 5 0 5 0 5 0 5 0 5 0 5 0 5 0 5 0 9 0 5 0 9 0 5 0 5 0 5 0 5 0 5 0 5 0 5 0 5 0 5 0 
4236738 : 4265 6 0 0 0 0 0 0 0 0 0 10 0 0 0 0 10 0 0 0 0 10 0 0 10 0 0 10 0 0 0 0 0 0 0 0 0 0 0 10 0 0 0 0 0 0 0 0 0 0 0 10 0 0 0 0 0 0 0 0 0 0 0 10 0 0 0 0 0 0 0 0 0 0 0 10 0 0 0 0 10 0 0 0 0 10 0 0 10 0 0 10 0 0 0 0 0 0 0 0 
4236742 : 1755 6 4 0 3 0 2 0 0 2 0 0 10 0 3 0 6 0 3 0 6 0 3 0 6 0 3 0 2 0 0 2 0 0 10 0 3 0 6 0 3 0 6 0 3 0 6 0 3 0 2 0 0 2 0 0 10 0 3 0 6 0 3 0 6 0 3 0 6 0 3 0 2 0 0 2 0 0 10 0 3 0 6 0 3 0 6 0 3 0 6 0 3 0 2 0 0 2 0 0 
4236756 : 8790 6 0 0 0 0 0 0 0 0 17 0 0 0 0 0 0 0 0 0 2 0 0 0 0 0 0 0 0 0 0 17 0 0 0 0 0 0 0 2 0 0 0 0 0 0 0 0 0 0 0 0 17 0 0 0 0 0 0 0 2 0 0 0 0 0 0 0 0 10 0 0 0 0 0 0 0 0 0 0 0 2 0 0 0 0 0 0 0 10 0 0 0 0 0 0 0 0 0 0 
4236784 : 25034 6 0 0 0 0 1 0 0 1 0 0 0 0 0 1 0 0 0 0 0 1 0 0 0 0 0 1 0 0 0 0 0 1 0 0 0 0 0 1 0 1 0 0 0 0 0 0 0 0 1 0 0 0 0 0 1 0 0 0 0 0 0 0 1 0 0 1 0 0 0 0 0 1 0 0 0 0 0 1 0 1 0 0 1 0 1 0 0 1 0 0 0 0 0 1 0 0 0 0 
4236796 : 23590 6 9 0 5 0 5 0 5 0 5 0 9 0 5 0 5 0 9 0 5 0 13 0 5 0 9 0 5 0 5 0 5 0 5 0 9 0 9 0 5 0 7 0 13 0 5 0 13 0 5 0 5 0 5 0 5 0 5 0 9 0 9 0 5 0 7 0 13 0 5 0 13 0 5 0 5 0 5 0 5 0 5 0 7 0 9 0 9 0 5 0 13 0 5 0 9 0 5 0 
4236817 : 4267 6 0 6 0 2 0 3 0 1 0 0 6 0 0 1 0 2 0 1 0 0 1 0 6 0 0 1 0 2 0 1 0 0 1 0 5 0 1 0 0 3 0 1 0 0 5 0 1 0 0 3 0 1 0 0 6 0 2 0 3 0 1 0 0 6 0 2 0 3 0 1 0 0 6 0 2 0 3 0 1 0 0 6 0 2 0 3 0 1 0 0 6 0 0 1 0 2 0 1 
4283957 : 40647 6 117 0 0 4 0 0 0 0 2 0 6 0 0 0 0 0 7 0 0 3 0 3 0 122 0 0 4 0 0 0 0 2 0 6 0 0 0 0 0 7 0 0 3 0 3 0 122 0 0 4 0 0 0 0 2 0 6 0 0 0 0 0 7 0 0 3 0 3 0 122 0 0 1 0 0 0 0 2 0 6 0 0 0 0 0 7 0 0 3 0 126 0 0 1 0 0 0 0 
4284050 : 75419 6 1 0 1 0 1 0 1 0 1 0 1 0 1 0 1 0 1 0 1 0 1 0 1 0 1 0 1 0 1 0 1 0 1 0 1 0 1 0 1 0 1 0 1 0 1 0 1 0 1 0 1 0 1 0 1 0 1 0 1 0 2 0 2 0 2 0 2 0 2 0 2 0 2 0 2 0 2 0 2 0 2 0 2 0 2 0 1 0 1 0 1 0 1 0 1 0 1 0 
4284076 : 40647 6 0 0 0 0 0 0 0 0 0 0 0 0 0 0 0 0 0 0 0 0 0 0 0 0 0 0 0 0 0 0 0 0 0 0 0 0 0 0 0 0 0 0 0 0 0 0 0 0 0 0 0 0 0 0 0 0 0 0 0 0 0 0 0 0 0 0 0 0 0 0 0 0 0 0 0 0 0 0 0 0 0 0 0 0 0 0 0 0 0 0 0 0 0 0 0 0 0 0 
4284163 : 10968 6 0 0 0 0 0 0 1 0 1 0 1 0 2 0 0 0 0 0 0 0 0 0 0 0 0 0 0 0 1 0 2 0 1 0 2 0 0 0 0 0 0 0 1 0 1 0 2 0 2 0 0 0 0 0 0 0 0 0 0 0 0 0 0 0 1 0 2 0 1 0 2 0 0 0 0 0 0 0 1 0 1 0 1 0 2 0 0 0 0 0 0 0 0 0 0 0 0 0 
4284191 : 40647 6 0 2 0 1 0 0 5 0 1 0 0 0 0 0 0 0 1 0 0 0 0 0 0 0 0 3 0 3 0 0 0 0 0 0 0 2 0 3 0 1 0 0 4 0 3 0 1 0 2 0 5 0 0 1 0 0 2 0 1 0 0 2 0 1 0 0 0 8 0 1 0 0 0 2 0 0 3 0 0 2 0 0 2 0 1 0 0 4 0 0 1 0 1 0 2 0 5 0 
4284247 : 59715 6 0 1 0 1 0 0 0 3 0 2 0 1 0 3 0 1 0 5 0 3 0 2 0 1 0 3 0 0 3 0 2 0 1 0 6 0 0 0 2 0 0 3 0 1 0 8 0 0 1 0 1 0 0 0 0 0 0 0 1 0 5 0 7 0 17 0 0 27 0 2 0 3 0 9 0 16 0 0 0 0 4 0 1 0 5 0 8 0 1 0 5 0 9 0 3 0 1 0 
4284253 : 40647 6 117 0 0 4 0 0 0 0 1 0 0 0 0 0 1 0 0 0 0 1 0 0 7 0 0 3 0 3 0 122 0 0 4 0 0 0 0 1 0 0 0 0 0 1 0 0 0 0 1 0 0 7 0 0 3 0 3 0 122 0 0 4 0 0 0 0 1 0 0 0 0 0 1 0 0 0 0 1 0 0 7 0 0 3 0 3 0 122 0 0 1 0 0 0 0 1 0 0 
4284311 : 8352 6 3 0 4 0 2 0 0 0 0 0 0 0 0 0 2 0 2 0 1 0 0 0 0 0 3 0 4 0 3 0 0 0 0 0 0 0 0 2 0 2 0 1 0 0 0 0 0 3 0 4 0 2 0 0 0 0 0 0 0 0 0 2 0 2 0 1 0 0 0 0 0 3 0 4 0 3 0 0 0 0 0 0 0 0 2 0 2 0 1 0 0 0 0 3 0 4 0 2 
4284319 : 40647 6 117 0 0 5 0 0 0 1 0 0 0 0 0 1 0 0 0 0 1 0 0 7 0 0 3 0 3 0 122 0 0 5 0 0 0 1 0 0 0 0 0 1 0 0 0 0 1 0 0 7 0 0 3 0 3 0 122 0 0 5 0 0 0 1 0 0 0 0 0 1 0 0 0 0 1 0 0 7 0 0 3 0 3 0 122 0 0 2 0 0 0 1 0 0 0 0 0 1 
4284341 : 8352 6 13 0 3 0 1 0 25 0 3 0 1 0 25 0 3 0 1 0 25 0 3 0 1 0 24 0 3 0 1 0 24 0 3 0 1 0 24 0 3 0 1 0 24 0 3 0 1 0 24 0 3 0 1 0 24 0 3 0 1 0 24 0 3 0 1 0 24 0 3 0 1 0 24 0 3 0 1 0 24 0 3 0 1 0 24 0 3 0 1 0 24 0 3 0 1 0 24 0 
4284352 : 1076 6 0 1 0 0 0 1 0 0 0 1 0 0 0 1 0 0 0 1 0 0 0 1 0 0 0 1 0 0 0 1 0 0 0 1 0 0 0 1 0 0 0 1 0 0 0 1 0 0 0 1 0 0 0 1 0 0 0 1 0 0 0 1 0 0 0 1 0 0 0 1 0 0 0 1 0 0 0 1 0 0 0 1 0 0 0 1 0 0 0 1 0 0 0 1 0 0 0 1 
4284362 : 825 6 1 0 0 1 0 0 1 0 0 1 0 0 1 0 0 1 0 0 1 0 0 1 0 0 1 0 0 1 0 0 1 0 0 1 0 0 1 0 0 1 0 0 1 0 0 1 0 0 1 0 0 1 0 0 1 0 0 1 0 0 1 0 0 1 0 0 1 0 0 1 0 0 1 0 0 1 0 0 1 0 0 1 0 0 1 0 0 1 0 0 1 0 0 1 0 0 1 0 
4284373 : 8352 6 3 0 4 0 1 0 0 0 0 0 0 0 0 0 0 1 0 0 2 0 1 0 0 0 0 0 3 0 4 0 1 0 0 0 0 0 0 0 0 0 0 1 0 0 2 0 1 0 0 0 0 0 3 0 4 0 1 0 0 0 0 0 0 0 0 0 0 1 0 0 2 0 1 0 0 0 0 0 3 0 4 0 1 0 0 0 0 0 0 0 0 0 0 1 0 0 2 0 
4284387 : 40647 6 128 0 162 0 162 0 159 0 159 0 162 0 162 0 162 0 162 0 162 0 162 0 159 0 159 0 162 0 162 0 162 0 162 0 162 0 162 0 159 0 159 0 162 0 162 0 162 0 162 0 162 0 162 0 159 0 159 0 162 0 162 0 162 0 162 0 162 0 162 0 159 0 162 0 165 0 165 0 165 0 165 0 165 0 165 0 162 0 162 0 165 0 165 0 165 0 165 0 
4284435 : 4993 6 0 0 0 8 0 1 0 0 4 0 0 0 8 0 1 0 0 4 0 0 0 8 0 1 0 0 4 0 0 0 8 0 1 0 0 3 0 0 0 8 0 1 0 0 3 0 0 0 8 0 1 0 0 3 0 0 0 8 0 1 0 0 3 0 0 0 8 0 1 0 0 3 0 0 0 8 0 1 0 0 3 0 0 0 8 0 1 0 0 3 0 0 0 8 0 1 0 0 
4284447 : 3108 6 2 0 3 0 0 0 1 0 0 2 0 3 0 0 0 1 0 0 2 0 3 0 0 0 1 0 0 2 0 3 0 0 0 1 0 0 2 0 3 0 0 0 1 0 0 2 0 3 0 0 0 1 0 0 2 0 3 0 0 0 1 0 0 2 0 3 0 0 0 1 0 0 2 0 3 0 0 0 1 0 0 2 0 3 0 0 0 1 0 0 2 0 3 0 0 0 1 0 
2147888924 : 9 6 4 0 2 0 1 
2147889361 : 5 6 1 0 1 0 1 
2147908387 : 5 6 0 1 0 1 0 
2151880989 : 10 6 0 1 0 0 0 1 0 0 1 0 
2151881007 : 6 6 0 1 0 0 1 0 
2151881052 : 6 6 1 0 1 0 1 0 
2151881162 : 4 6 0 1 0 0 
2151881210 : 4 6 0 1 0 0 
2151881285 : 4 6 1 0 0 0 
2151881381 : 4 6 0 3 
2151881632 : 4 6 0 1 0 0 
2151881642 : 5 6 0 0 3 
2151881650 : 2 6 0 1 
2151881661 : 4 6 0 2 0 
2152106791 : 4 6 1 0 1 0 
3199965971 : 3 6 0 0 1 
3201070409 : 4 6 0 0 0 1 
3221147787 : 8 6 3 0 3 0 
3221151606 : 8 6 0 0 2 0 0 2 
4134655935 : 4 6 1 0 1 0 
4134655997 : 4 6 1 0 1 0 
