4206687 : 753 4 753 
4206692 : 502 5 502 
4206708 : 753 6 0 0 0 0 0 0 0 0 0 0 0 0 0 0 0 0 0 0 0 0 0 0 0 0 0 0 0 0 0 0 0 0 0 0 0 0 0 0 0 0 0 0 0 0 0 0 0 0 0 0 0 0 0 0 0 0 0 0 0 0 0 0 0 0 0 0 0 0 0 0 0 0 0 0 0 0 0 0 0 0 0 0 0 0 0 0 0 0 0 0 0 0 0 0 0 0 0 0 
4206740 : 502 5 502 
4210454 : 251 3 251 
4210459 : 251 3 251 
4210466 : 251 6 0 0 0 0 0 0 0 0 0 0 0 0 0 0 0 0 0 0 0 0 0 0 0 0 0 0 0 0 0 0 0 0 0 0 0 0 0 0 0 0 0 0 0 0 0 0 0 0 0 0 0 0 0 0 0 0 0 0 0 0 0 0 0 0 0 0 0 0 0 0 0 0 0 0 0 0 0 0 0 0 0 0 0 0 0 0 0 0 0 0 0 0 0 0 0 0 0 0 
4210472 : 251 3 251 
4210479 : 251 6 251 
4210790 : 251 6 0 0 0 0 0 0 0 0 0 0 0 0 0 0 0 0 0 0 0 0 0 0 0 0 0 0 0 0 0 0 0 0 0 0 0 0 0 0 0 0 0 0 0 0 0 0 0 0 0 0 0 0 0 0 0 0 0 0 0 0 0 0 0 0 0 0 0 0 0 0 0 0 0 0 0 0 0 0 0 0 0 0 0 0 0 0 0 0 0 0 0 0 0 0 0 0 0 0 
4210798 : 251 6 251 
4211819 : 251 3 251 
4211832 : 251 6 0 0 0 0 0 0 0 0 0 0 0 0 0 0 0 0 0 0 0 0 0 0 0 0 0 0 0 0 0 0 0 0 0 0 0 0 0 0 0 0 0 0 0 0 0 0 0 0 0 0 0 0 0 0 0 0 0 0 0 0 0 0 0 0 0 0 0 0 0 0 0 0 0 0 0 0 0 0 0 0 0 0 0 0 0 0 0 0 0 0 0 0 0 0 0 0 0 0 
4211843 : 251 6 0 0 0 0 0 0 0 0 0 0 0 0 0 0 0 0 0 0 0 0 0 0 0 0 0 0 0 0 0 0 0 0 0 0 0 0 0 0 0 0 0 0 0 0 0 0 0 0 0 0 0 0 0 0 0 0 0 0 0 0 0 0 0 0 0 0 0 0 0 0 0 0 0 0 0 0 0 0 0 0 0 0 0 0 0 0 0 0 0 0 0 0 0 0 0 0 0 0 
4211872 : 251 3 251 
4211883 : 251 6 251 
4211958 : 251 3 251 
4211970 : 251 4 251 
4211980 : 251 6 0 0 0 0 0 0 0 0 0 0 0 0 0 0 0 0 0 0 0 0 0 0 0 0 0 0 0 0 0 0 0 0 0 0 0 0 0 0 0 0 0 0 0 0 0 0 0 0 0 0 0 0 0 0 0 0 0 0 0 0 0 0 0 0 0 0 0 0 0 0 0 0 0 0 0 0 0 0 0 0 0 0 0 0 0 0 0 0 0 0 0 0 0 0 0 0 0 0 
4211987 : 251 6 0 0 0 0 0 0 0 0 0 0 0 0 0 0 0 0 0 0 0 0 0 0 0 0 0 0 0 0 0 0 0 0 0 0 0 0 0 0 0 0 0 0 0 0 0 0 0 0 0 0 0 0 0 0 0 0 0 0 0 0 0 0 0 0 0 0 0 0 0 0 0 0 0 0 0 0 0 0 0 0 0 0 0 0 0 0 0 0 0 0 0 0 0 0 0 0 0 0 
4212031 : 251 6 0 0 0 0 0 0 0 0 0 0 0 0 0 0 0 0 0 0 0 0 0 0 0 0 0 0 0 0 0 0 0 0 0 0 0 0 0 0 0 0 0 0 0 0 0 0 0 0 0 0 0 0 0 0 0 0 0 0 0 0 0 0 0 0 0 0 0 0 0 0 0 0 0 0 0 0 0 0 0 0 0 0 0 0 0 0 0 0 0 0 0 0 0 0 0 0 0 0 
4212054 : 251 4 251 
4212147 : 14809 5 14809 
4212179 : 7530 6 0 0 0 0 0 0 0 0 0 0 0 0 0 0 0 0 0 0 0 0 0 0 0 0 0 0 0 0 0 0 0 0 0 0 0 0 0 0 0 0 0 0 0 0 0 0 0 0 0 0 0 0 0 0 0 0 0 0 0 0 0 0 0 0 0 0 0 0 0 0 0 0 0 0 0 0 0 0 0 0 0 0 0 0 0 0 0 0 0 0 0 0 0 0 0 0 0 0 
4212194 : 7530 6 0 0 0 0 0 0 0 0 0 0 0 0 0 0 0 0 0 0 0 0 0 0 0 0 0 0 0 0 0 0 0 0 0 0 0 0 0 0 0 0 0 0 0 0 0 0 0 0 0 0 0 0 0 0 0 0 0 0 0 0 0 0 0 0 0 0 0 0 0 0 0 0 0 0 0 0 0 0 0 0 0 0 0 0 0 0 0 0 0 0 0 0 0 0 0 0 0 0 
4212202 : 7530 6 0 0 0 0 0 0 0 0 0 0 0 0 0 0 0 0 0 0 0 0 0 0 0 0 0 0 0 0 0 0 0 0 0 0 0 0 0 0 0 0 0 0 0 0 0 0 0 0 0 0 0 0 0 0 0 0 0 0 0 0 0 0 0 0 0 0 0 0 0 0 0 0 0 0 0 0 0 0 0 0 0 0 0 0 0 0 0 0 0 0 0 0 0 0 0 0 0 0 
4212218 : 7530 4 7530 
4212229 : 7279 6 0 0 0 0 0 0 0 0 0 0 0 0 0 0 0 0 0 0 0 0 0 0 0 0 0 0 0 0 0 0 0 0 0 0 0 0 0 0 0 0 0 0 0 0 0 0 0 0 0 0 0 0 0 0 0 0 0 0 0 0 0 0 0 0 0 0 0 0 0 0 0 0 0 0 0 0 0 0 0 0 0 0 0 0 0 0 0 0 0 0 0 0 0 0 0 0 0 0 
4212256 : 2574 6 0 0 0 0 0 0 0 0 0 0 0 0 0 0 0 0 0 0 0 0 0 0 0 0 0 0 0 0 0 0 0 0 0 0 0 0 0 0 0 0 0 0 0 0 0 0 0 0 0 0 0 0 0 0 0 0 0 0 0 0 0 0 0 0 0 0 0 0 0 0 0 0 0 0 0 0 0 0 0 0 0 0 0 0 0 0 0 0 0 0 0 0 0 0 0 0 0 0 
4212280 : 2574 5 2574 
4212320 : 3880 5 3880 
4212351 : 7279 6 0 0 0 0 0 0 0 0 0 0 0 0 0 0 0 0 0 0 0 0 0 0 0 0 0 0 0 0 0 0 0 0 0 0 0 0 0 0 0 0 0 0 0 0 0 0 0 0 0 0 0 0 0 0 0 0 0 0 0 0 0 0 0 0 0 0 0 0 0 0 0 0 0 0 0 0 0 0 0 0 0 0 0 0 0 0 0 0 0 0 0 0 0 0 0 0 0 0 
4212405 : 40647 3 40647 
4212452 : 67832 6 0 0 0 0 0 0 0 0 0 0 0 0 0 0 0 0 0 0 0 0 0 0 0 0 0 0 0 0 0 0 0 0 0 0 0 0 0 0 0 0 0 0 0 0 0 0 0 0 0 0 0 0 0 0 0 0 0 0 0 0 0 0 0 0 0 0 0 0 0 0 0 0 0 0 0 0 0 0 0 0 0 0 0 0 0 0 0 0 0 0 0 0 0 0 0 0 0 0 
4212493 : 60233 3 60233 
4212553 : 40910 3 40910 
4212576 : 35179 6 35179 
4212631 : 5731 6 0 0 0 0 0 0 0 0 0 0 0 0 0 0 0 0 0 0 0 0 0 0 0 0 0 0 0 0 0 0 0 0 0 0 0 0 0 0 0 0 0 0 0 0 0 0 0 0 0 0 0 0 0 0 0 0 0 0 0 0 0 0 0 0 0 0 0 0 0 0 0 0 0 0 0 0 0 0 0 0 0 0 0 0 0 0 0 0 0 0 0 0 0 0 0 0 0 0 
4212653 : 5731 5 5731 
4212708 : 16097 3 16097 
4212767 : 5943 3 5943 
4212780 : 5943 6 0 0 0 0 0 0 0 0 0 0 0 0 0 0 0 0 0 0 0 0 0 0 0 0 0 0 0 0 0 0 0 0 0 0 0 0 0 0 0 0 0 0 0 0 0 0 0 0 0 0 0 0 0 0 0 0 0 0 0 0 0 0 0 0 0 0 0 0 0 0 0 0 0 0 0 0 0 0 0 0 0 0 0 0 0 0 0 0 0 0 0 0 0 0 0 0 0 0 
4212827 : 758 3 758 
4212840 : 758 6 758 
4212927 : 28759 6 0 0 0 0 0 0 0 0 0 0 0 0 0 0 0 0 0 0 0 0 0 0 0 0 0 0 0 0 0 0 0 0 0 0 0 0 0 0 0 0 0 0 0 0 0 0 0 0 0 0 0 0 0 0 0 0 0 0 0 0 0 0 0 0 0 0 0 0 0 0 0 0 0 0 0 0 0 0 0 0 0 0 0 0 0 0 0 0 0 0 0 0 0 0 0 0 0 0 
4212943 : 44111 5 44111 
4212997 : 23720 3 23720 
4213106 : 67840 6 0 0 0 0 0 0 0 0 0 0 0 0 0 0 0 0 0 0 0 0 0 0 0 0 0 0 0 0 0 0 0 0 0 0 0 0 0 0 0 0 0 0 0 0 0 0 0 0 0 0 0 0 0 0 0 0 0 0 0 0 0 0 0 0 0 0 0 0 0 0 0 0 0 0 0 0 0 0 0 0 0 0 0 0 0 0 0 0 0 0 0 0 0 0 0 0 0 0 
4213236 : 7287 4 7287 
4213298 : 5731 3 5731 
4213307 : 5731 6 5731 
4215129 : 4705 3 4705 
4215301 : 4465 3 4465 
4215340 : 4705 6 0 0 0 0 0 0 0 0 0 0 0 0 0 0 0 0 0 0 0 0 0 0 0 0 0 0 0 0 0 0 0 0 0 0 0 0 0 0 0 0 0 0 0 0 0 0 0 0 0 0 0 0 0 0 0 0 0 0 0 0 0 0 0 0 0 0 0 0 0 0 0 0 0 0 0 0 0 0 0 0 0 0 0 0 0 0 0 0 0 0 0 0 0 0 0 0 0 0 
4215356 : 4705 6 0 0 0 0 0 0 0 0 0 0 0 0 0 0 0 0 0 0 0 0 0 0 0 0 0 0 0 0 0 0 0 0 0 0 0 0 0 0 0 0 0 0 0 0 0 0 0 0 0 0 0 0 0 0 0 0 0 0 0 0 0 0 0 0 0 0 0 0 0 0 0 0 0 0 0 0 0 0 0 0 0 0 0 0 0 0 0 0 0 0 0 0 0 0 0 0 0 0 
4215380 : 4705 6 0 0 0 0 0 0 0 0 0 0 0 0 0 0 0 0 0 0 0 0 0 0 0 0 0 0 0 0 0 0 0 0 0 0 0 0 0 0 0 0 0 0 0 0 0 0 0 0 0 0 0 0 0 0 0 0 0 0 0 0 0 0 0 0 0 0 0 0 0 0 0 0 0 0 0 0 0 0 0 0 0 0 0 0 0 0 0 0 0 0 0 0 0 0 0 0 0 0 
4215441 : 4705 3 4705 
4215458 : 4713 5 4713 
4215469 : 1220 6 0 0 0 0 0 0 0 0 0 0 0 0 0 0 0 0 0 0 0 0 0 0 0 0 0 0 0 0 0 0 0 0 0 0 0 0 0 0 0 0 0 0 0 0 0 0 0 0 0 0 0 0 0 0 0 0 0 0 0 0 0 0 0 0 0 0 0 0 0 0 0 0 0 0 0 0 0 0 0 0 0 0 0 0 0 0 0 0 0 0 0 0 0 0 0 0 0 0 
4215475 : 1220 5 1220 
4215590 : 240 6 0 0 0 0 0 0 0 0 0 0 0 0 0 0 0 0 0 0 0 0 0 0 0 0 0 0 0 0 0 0 0 0 0 0 0 0 0 0 0 0 0 0 0 0 0 0 0 0 0 0 0 0 0 0 0 0 0 0 0 0 0 0 0 0 0 0 0 0 0 0 0 0 0 0 0 0 0 0 0 0 0 0 0 0 0 0 0 0 0 0 0 0 0 0 0 0 0 0 
4215730 : 240 3 240 
4215743 : 240 5 240 
4215790 : 1220 3 1220 
4215815 : 1220 5 1220 
4215848 : 21480 5 21480 
4215967 : 2574 3 2574 
4216144 : 2542 3 2542 
4216155 : 2574 6 0 0 0 0 0 0 0 0 0 0 0 0 0 0 0 0 0 0 0 0 0 0 0 0 0 0 0 0 0 0 0 0 0 0 0 0 0 0 0 0 0 0 0 0 0 0 0 0 0 0 0 0 0 0 0 0 0 0 0 0 0 0 0 0 0 0 0 0 0 0 0 0 0 0 0 0 0 0 0 0 0 0 0 0 0 0 0 0 0 0 0 0 0 0 0 0 0 0 
4216187 : 1976 5 1976 
4216242 : 598 3 598 
4216271 : 2574 6 0 0 0 0 0 0 0 0 0 0 0 0 0 0 0 0 0 0 0 0 0 0 0 0 0 0 0 0 0 0 0 0 0 0 0 0 0 0 0 0 0 0 0 0 0 0 0 0 0 0 0 0 0 0 0 0 0 0 0 0 0 0 0 0 0 0 0 0 0 0 0 0 0 0 0 0 0 0 0 0 0 0 0 0 0 0 0 0 0 0 0 0 0 0 0 0 0 0 
4216283 : 2574 6 0 0 0 0 0 0 0 0 0 0 0 0 0 0 0 0 0 0 0 0 0 0 0 0 0 0 0 0 0 0 0 0 0 0 0 0 0 0 0 0 0 0 0 0 0 0 0 0 0 0 0 0 0 0 0 0 0 0 0 0 0 0 0 0 0 0 0 0 0 0 0 0 0 0 0 0 0 0 0 0 0 0 0 0 0 0 0 0 0 0 0 0 0 0 0 0 0 0 
4216338 : 2574 3 2574 
4216355 : 2574 5 2574 
4216406 : 32 6 0 0 0 0 0 0 0 0 0 0 0 0 0 0 0 0 0 0 0 0 0 0 0 0 0 0 0 0 0 0 0 0 
4216551 : 32 3 32 
4216564 : 32 5 32 
4216575 : 32 6 0 0 0 0 0 0 0 0 0 0 0 0 0 0 0 0 0 0 0 0 0 0 0 0 0 0 0 0 0 0 0 0 
4216581 : 32 5 32 
4216693 : 315 5 315 
4216719 : 315 5 315 
4216769 : 3863 3 3863 
4216789 : 3863 5 3863 
4216841 : 90273 6 0 0 0 0 0 0 0 0 0 0 0 0 0 0 0 0 0 0 0 0 0 0 0 0 0 0 0 0 0 0 0 0 0 0 0 0 0 0 0 0 0 0 0 0 0 0 0 0 0 0 0 0 0 0 0 0 0 0 0 0 0 0 0 0 0 0 0 0 0 0 0 0 0 0 0 0 0 0 0 0 0 0 0 0 0 0 0 0 0 0 0 0 0 0 0 0 0 0 
4216932 : 90273 6 0 0 0 0 0 0 0 0 0 0 0 0 0 0 0 0 0 0 0 0 0 0 0 0 0 0 0 0 0 0 0 0 0 0 0 0 0 0 0 0 0 0 0 0 0 0 0 0 0 0 0 0 0 0 0 0 0 0 0 0 0 0 0 0 0 0 0 0 0 0 0 0 0 0 0 0 0 0 0 0 0 0 0 0 0 0 0 0 0 0 0 0 0 0 0 0 0 0 
4216997 : 90273 6 0 0 0 0 0 0 0 0 0 0 0 0 0 0 0 0 0 0 0 0 0 0 0 0 0 0 0 0 0 0 0 0 0 0 0 0 0 0 0 0 0 0 0 0 0 0 0 0 0 0 0 0 0 0 0 0 0 0 0 0 0 0 0 0 0 0 0 0 0 0 0 0 0 0 0 0 0 0 0 0 0 0 0 0 0 0 0 0 0 0 0 0 0 0 0 0 0 0 
4217116 : 94091 6 0 0 0 0 0 0 0 0 0 0 0 0 0 0 0 0 0 0 0 0 0 0 0 0 0 0 0 0 0 0 0 0 0 0 0 0 0 0 0 0 0 0 0 0 0 0 0 0 0 0 0 0 0 0 0 0 0 0 0 0 0 0 0 0 0 0 0 0 0 0 0 0 0 0 0 0 0 0 0 0 0 0 0 0 0 0 0 0 0 0 0 0 0 0 0 0 0 0 
4217146 : 89170 6 0 0 0 0 0 0 0 0 0 0 0 0 0 0 0 0 0 0 0 0 0 0 0 0 0 0 0 0 0 0 0 0 0 0 0 0 0 0 0 0 0 0 0 0 0 0 0 0 0 0 0 0 0 0 0 0 0 0 0 0 0 0 0 0 0 0 0 0 0 0 0 0 0 0 0 0 0 0 0 0 0 0 0 0 0 0 0 0 0 0 0 0 0 0 0 0 0 0 
4217176 : 89170 4 89170 
4217182 : 1104 5 1104 
4217189 : 8799 6 8799 
4217199 : 1104 5 1104 
4217207 : 1104 5 1104 
4217253 : 251 6 0 0 0 0 0 0 0 0 0 0 0 0 0 0 0 0 0 0 0 0 0 0 0 0 0 0 0 0 0 0 0 0 0 0 0 0 0 0 0 0 0 0 0 0 0 0 0 0 0 0 0 0 0 0 0 0 0 0 0 0 0 0 0 0 0 0 0 0 0 0 0 0 0 0 0 0 0 0 0 0 0 0 0 0 0 0 0 0 0 0 0 0 0 0 0 0 0 0 
4217260 : 251 6 0 0 0 0 0 0 0 0 0 0 0 0 0 0 0 0 0 0 0 0 0 0 0 0 0 0 0 0 0 0 0 0 0 0 0 0 0 0 0 0 0 0 0 0 0 0 0 0 0 0 0 0 0 0 0 0 0 0 0 0 0 0 0 0 0 0 0 0 0 0 0 0 0 0 0 0 0 0 0 0 0 0 0 0 0 0 0 0 0 0 0 0 0 0 0 0 0 0 
4217288 : 251 6 0 0 0 0 0 0 0 0 0 0 0 0 0 0 0 0 0 0 0 0 0 0 0 0 0 0 0 0 0 0 0 0 0 0 0 0 0 0 0 0 0 0 0 0 0 0 0 0 0 0 0 0 0 0 0 0 0 0 0 0 0 0 0 0 0 0 0 0 0 0 0 0 0 0 0 0 0 0 0 0 0 0 0 0 0 0 0 0 0 0 0 0 0 0 0 0 0 0 
4217292 : 251 6 0 0 0 0 0 0 0 0 0 0 0 0 0 0 0 0 0 0 0 0 0 0 0 0 0 0 0 0 0 0 0 0 0 0 0 0 0 0 0 0 0 0 0 0 0 0 0 0 0 0 0 0 0 0 0 0 0 0 0 0 0 0 0 0 0 0 0 0 0 0 0 0 0 0 0 0 0 0 0 0 0 0 0 0 0 0 0 0 0 0 0 0 0 0 0 0 0 0 
4217324 : 251 6 0 0 0 0 0 0 0 0 0 0 0 0 0 0 0 0 0 0 0 0 0 0 0 0 0 0 0 0 0 0 0 0 0 0 0 0 0 0 0 0 0 0 0 0 0 0 0 0 0 0 0 0 0 0 0 0 0 0 0 0 0 0 0 0 0 0 0 0 0 0 0 0 0 0 0 0 0 0 0 0 0 0 0 0 0 0 0 0 0 0 0 0 0 0 0 0 0 0 
4217416 : 251 4 251 
4217433 : 502 5 502 
4217460 : 502 5 502 
4217504 : 251 3 251 
4217518 : 251 6 0 0 0 0 0 0 0 0 0 0 0 0 0 0 0 0 0 0 0 0 0 0 0 0 0 0 0 0 0 0 0 0 0 0 0 0 0 0 0 0 0 0 0 0 0 0 0 0 0 0 0 0 0 0 0 0 0 0 0 0 0 0 0 0 0 0 0 0 0 0 0 0 0 0 0 0 0 0 0 0 0 0 0 0 0 0 0 0 0 0 0 0 0 0 0 0 0 0 
4217541 : 1510 6 1510 
4217543 : 251 3 251 
4217574 : 251 4 251 
4217593 : 377 6 0 0 0 0 0 0 0 0 0 0 0 0 0 0 0 0 0 0 0 0 0 0 0 0 0 0 0 0 0 0 0 0 0 0 0 0 0 0 0 0 0 0 0 0 0 0 0 0 0 0 0 0 0 0 0 0 0 0 0 0 0 0 0 0 0 0 0 0 0 0 0 0 0 0 0 0 0 0 0 0 0 0 0 0 0 0 0 0 0 0 0 0 0 0 0 0 0 0 
4217620 : 377 6 0 0 0 0 0 0 0 0 0 0 0 0 0 0 0 0 0 0 0 0 0 0 0 0 0 0 0 0 0 0 0 0 0 0 0 0 0 0 0 0 0 0 0 0 0 0 0 0 0 0 0 0 0 0 0 0 0 0 0 0 0 0 0 0 0 0 0 0 0 0 0 0 0 0 0 0 0 0 0 0 0 0 0 0 0 0 0 0 0 0 0 0 0 0 0 0 0 0 
4217627 : 377 6 0 0 0 0 0 0 0 0 0 0 0 0 0 0 0 0 0 0 0 0 0 0 0 0 0 0 0 0 0 0 0 0 0 0 0 0 0 0 0 0 0 0 0 0 0 0 0 0 0 0 0 0 0 0 0 0 0 0 0 0 0 0 0 0 0 0 0 0 0 0 0 0 0 0 0 0 0 0 0 0 0 0 0 0 0 0 0 0 0 0 0 0 0 0 0 0 0 0 
4217634 : 377 6 0 0 0 0 0 0 0 0 0 0 0 0 0 0 0 0 0 0 0 0 0 0 0 0 0 0 0 0 0 0 0 0 0 0 0 0 0 0 0 0 0 0 0 0 0 0 0 0 0 0 0 0 0 0 0 0 0 0 0 0 0 0 0 0 0 0 0 0 0 0 0 0 0 0 0 0 0 0 0 0 0 0 0 0 0 0 0 0 0 0 0 0 0 0 0 0 0 0 
4217660 : 377 6 0 0 0 0 0 0 0 0 0 0 0 0 0 0 0 0 0 0 0 0 0 0 0 0 0 0 0 0 0 0 0 0 0 0 0 0 0 0 0 0 0 0 0 0 0 0 0 0 0 0 0 0 0 0 0 0 0 0 0 0 0 0 0 0 0 0 0 0 0 0 0 0 0 0 0 0 0 0 0 0 0 0 0 0 0 0 0 0 0 0 0 0 0 0 0 0 0 0 
4217672 : 1508 3 1508 
4217692 : 126 5 126 
4217705 : 126 6 126 
4217745 : 565 6 0 0 0 0 0 0 0 0 0 0 0 0 0 0 0 0 0 0 0 0 0 0 0 0 0 0 0 0 0 0 0 0 0 0 0 0 0 0 0 0 0 0 0 0 0 0 0 0 0 0 0 0 0 0 0 0 0 0 0 0 0 0 0 0 0 0 0 0 0 0 0 0 0 0 0 0 0 0 0 0 0 0 0 0 0 0 0 0 0 0 0 0 0 0 0 0 0 0 
4217766 : 126 6 0 0 0 0 0 0 0 0 0 0 0 0 0 0 0 0 0 0 0 0 0 0 0 0 0 0 0 0 0 0 0 0 0 0 0 0 0 0 0 0 0 0 0 0 0 0 0 0 0 0 0 0 0 0 0 0 0 0 0 0 0 0 0 0 0 0 0 0 0 0 0 0 0 0 0 0 0 0 0 0 0 0 0 0 0 0 0 0 0 0 0 0 0 0 0 0 0 0 
4217775 : 126 3 126 
4217782 : 126 6 0 0 0 0 0 0 0 0 0 0 0 0 0 0 0 0 0 0 0 0 0 0 0 0 0 0 0 0 0 0 0 0 0 0 0 0 0 0 0 0 0 0 0 0 0 0 0 0 0 0 0 0 0 0 0 0 0 0 0 0 0 0 0 0 0 0 0 0 0 0 0 0 0 0 0 0 0 0 0 0 0 0 0 0 0 0 0 0 0 0 0 0 0 0 0 0 0 0 
4217788 : 126 5 126 
4217802 : 126 6 0 0 0 0 0 0 0 0 0 0 0 0 0 0 0 0 0 0 0 0 0 0 0 0 0 0 0 0 0 0 0 0 0 0 0 0 0 0 0 0 0 0 0 0 0 0 0 0 0 0 0 0 0 0 0 0 0 0 0 0 0 0 0 0 0 0 0 0 0 0 0 0 0 0 0 0 0 0 0 0 0 0 0 0 0 0 0 0 0 0 0 0 0 0 0 0 0 0 
4217811 : 126 3 126 
4217818 : 126 6 0 0 0 0 0 0 0 0 0 0 0 0 0 0 0 0 0 0 0 0 0 0 0 0 0 0 0 0 0 0 0 0 0 0 0 0 0 0 0 0 0 0 0 0 0 0 0 0 0 0 0 0 0 0 0 0 0 0 0 0 0 0 0 0 0 0 0 0 0 0 0 0 0 0 0 0 0 0 0 0 0 0 0 0 0 0 0 0 0 0 0 0 0 0 0 0 0 0 
4217824 : 126 5 126 
4217838 : 439 6 0 0 0 0 0 0 0 0 0 0 0 0 0 0 0 0 0 0 0 0 0 0 0 0 0 0 0 0 0 0 0 0 0 0 0 0 0 0 0 0 0 0 0 0 0 0 0 0 0 0 0 0 0 0 0 0 0 0 0 0 0 0 0 0 0 0 0 0 0 0 0 0 0 0 0 0 0 0 0 0 0 0 0 0 0 0 0 0 0 0 0 0 0 0 0 0 0 0 
4217857 : 439 6 0 0 0 0 0 0 0 0 0 0 0 0 0 0 0 0 0 0 0 0 0 0 0 0 0 0 0 0 0 0 0 0 0 0 0 0 0 0 0 0 0 0 0 0 0 0 0 0 0 0 0 0 0 0 0 0 0 0 0 0 0 0 0 0 0 0 0 0 0 0 0 0 0 0 0 0 0 0 0 0 0 0 0 0 0 0 0 0 0 0 0 0 0 0 0 0 0 0 
4217877 : 439 3 439 
4217898 : 314 5 314 
4217920 : 251 6 251 
4217996 : 1508 6 0 0 0 0 0 0 0 0 0 0 0 0 0 0 0 0 0 0 0 0 0 0 0 0 0 0 0 0 0 0 0 0 0 0 0 0 0 0 0 0 0 0 0 0 0 0 0 0 0 0 0 0 0 0 0 0 0 0 0 0 0 0 0 0 0 0 0 0 0 0 0 0 0 0 0 0 0 0 0 0 0 0 0 0 0 0 0 0 0 0 0 0 0 0 0 0 0 0 
4218009 : 6597 6 0 0 0 0 0 0 0 0 0 0 0 0 0 0 0 0 0 0 0 0 0 0 0 0 0 0 0 0 0 0 0 0 0 0 0 0 0 0 0 0 0 0 0 0 0 0 0 0 0 0 0 0 0 0 0 0 0 0 0 0 0 0 0 0 0 0 0 0 0 0 0 0 0 0 0 0 0 0 0 0 0 0 0 0 0 0 0 0 0 0 0 0 0 0 0 0 0 0 
4218035 : 691 6 0 0 0 0 0 0 0 0 0 0 0 0 0 0 0 0 0 0 0 0 0 0 0 0 0 0 0 0 0 0 0 0 0 0 0 0 0 0 0 0 0 0 0 0 0 0 0 0 0 0 0 0 0 0 0 0 0 0 0 0 0 0 0 0 0 0 0 0 0 0 0 0 0 0 0 0 0 0 0 0 0 0 0 0 0 0 0 0 0 0 0 0 0 0 0 0 0 0 
4218041 : 691 6 0 0 0 0 0 0 0 0 0 0 0 0 0 0 0 0 0 0 0 0 0 0 0 0 0 0 0 0 0 0 0 0 0 0 0 0 0 0 0 0 0 0 0 0 0 0 0 0 0 0 0 0 0 0 0 0 0 0 0 0 0 0 0 0 0 0 0 0 0 0 0 0 0 0 0 0 0 0 0 0 0 0 0 0 0 0 0 0 0 0 0 0 0 0 0 0 0 0 
4218064 : 691 4 691 
4218091 : 817 4 817 
4218120 : 690 5 690 
4218147 : 251 6 0 0 0 0 0 0 0 0 0 0 0 0 0 0 0 0 0 0 0 0 0 0 0 0 0 0 0 0 0 0 0 0 0 0 0 0 0 0 0 0 0 0 0 0 0 0 0 0 0 0 0 0 0 0 0 0 0 0 0 0 0 0 0 0 0 0 0 0 0 0 0 0 0 0 0 0 0 0 0 0 0 0 0 0 0 0 0 0 0 0 0 0 0 0 0 0 0 0 
4218154 : 251 6 0 0 0 0 0 0 0 0 0 0 0 0 0 0 0 0 0 0 0 0 0 0 0 0 0 0 0 0 0 0 0 0 0 0 0 0 0 0 0 0 0 0 0 0 0 0 0 0 0 0 0 0 0 0 0 0 0 0 0 0 0 0 0 0 0 0 0 0 0 0 0 0 0 0 0 0 0 0 0 0 0 0 0 0 0 0 0 0 0 0 0 0 0 0 0 0 0 0 
4218196 : 251 6 0 0 0 0 0 0 0 0 0 0 0 0 0 0 0 0 0 0 0 0 0 0 0 0 0 0 0 0 0 0 0 0 0 0 0 0 0 0 0 0 0 0 0 0 0 0 0 0 0 0 0 0 0 0 0 0 0 0 0 0 0 0 0 0 0 0 0 0 0 0 0 0 0 0 0 0 0 0 0 0 0 0 0 0 0 0 0 0 0 0 0 0 0 0 0 0 0 0 
4218230 : 502 6 0 0 0 0 0 0 0 0 0 0 0 0 0 0 0 0 0 0 0 0 0 0 0 0 0 0 0 0 0 0 0 0 0 0 0 0 0 0 0 0 0 0 0 0 0 0 0 0 0 0 0 0 0 0 0 0 0 0 0 0 0 0 0 0 0 0 0 0 0 0 0 0 0 0 0 0 0 0 0 0 0 0 0 0 0 0 0 0 0 0 0 0 0 0 0 0 0 0 
4218261 : 1004 5 1004 
4218327 : 251 4 251 
4218380 : 1004 5 1004 
4218422 : 753 3 753 
4218473 : 502 6 0 0 0 0 0 0 0 0 0 0 0 0 0 0 0 0 0 0 0 0 0 0 0 0 0 0 0 0 0 0 0 0 0 0 0 0 0 0 0 0 0 0 0 0 0 0 0 0 0 0 0 0 0 0 0 0 0 0 0 0 0 0 0 0 0 0 0 0 0 0 0 0 0 0 0 0 0 0 0 0 0 0 0 0 0 0 0 0 0 0 0 0 0 0 0 0 0 0 
4218481 : 502 6 0 0 0 0 0 0 0 0 0 0 0 0 0 0 0 0 0 0 0 0 0 0 0 0 0 0 0 0 0 0 0 0 0 0 0 0 0 0 0 0 0 0 0 0 0 0 0 0 0 0 0 0 0 0 0 0 0 0 0 0 0 0 0 0 0 0 0 0 0 0 0 0 0 0 0 0 0 0 0 0 0 0 0 0 0 0 0 0 0 0 0 0 0 0 0 0 0 0 
4218492 : 502 6 0 0 0 0 0 0 0 0 0 0 0 0 0 0 0 0 0 0 0 0 0 0 0 0 0 0 0 0 0 0 0 0 0 0 0 0 0 0 0 0 0 0 0 0 0 0 0 0 0 0 0 0 0 0 0 0 0 0 0 0 0 0 0 0 0 0 0 0 0 0 0 0 0 0 0 0 0 0 0 0 0 0 0 0 0 0 0 0 0 0 0 0 0 0 0 0 0 0 
4218500 : 502 6 0 0 0 0 0 0 0 0 0 0 0 0 0 0 0 0 0 0 0 0 0 0 0 0 0 0 0 0 0 0 0 0 0 0 0 0 0 0 0 0 0 0 0 0 0 0 0 0 0 0 0 0 0 0 0 0 0 0 0 0 0 0 0 0 0 0 0 0 0 0 0 0 0 0 0 0 0 0 0 0 0 0 0 0 0 0 0 0 0 0 0 0 0 0 0 0 0 0 
4218508 : 502 6 0 0 0 0 0 0 0 0 0 0 0 0 0 0 0 0 0 0 0 0 0 0 0 0 0 0 0 0 0 0 0 0 0 0 0 0 0 0 0 0 0 0 0 0 0 0 0 0 0 0 0 0 0 0 0 0 0 0 0 0 0 0 0 0 0 0 0 0 0 0 0 0 0 0 0 0 0 0 0 0 0 0 0 0 0 0 0 0 0 0 0 0 0 0 0 0 0 0 
4218533 : 502 5 502 
4218649 : 251 5 251 
4218697 : 1004 5 1004 
4218723 : 251 6 0 0 0 0 0 0 0 0 0 0 0 0 0 0 0 0 0 0 0 0 0 0 0 0 0 0 0 0 0 0 0 0 0 0 0 0 0 0 0 0 0 0 0 0 0 0 0 0 0 0 0 0 0 0 0 0 0 0 0 0 0 0 0 0 0 0 0 0 0 0 0 0 0 0 0 0 0 0 0 0 0 0 0 0 0 0 0 0 0 0 0 0 0 0 0 0 0 0 
4218750 : 251 4 251 
4218763 : 753 3 753 
4218780 : 502 5 502 
4236498 : 66848 5 66848 
4236518 : 114287 6 0 0 0 0 0 0 0 0 0 0 0 0 0 0 0 0 0 0 0 0 0 0 0 0 0 0 0 0 0 0 0 0 0 0 0 0 0 0 0 0 0 0 0 0 0 0 0 0 0 0 0 0 0 0 0 0 0 0 0 0 0 0 0 0 0 0 0 0 0 0 0 0 0 0 0 0 0 0 0 0 0 0 0 0 0 0 0 0 0 0 0 0 0 0 0 0 0 0 
4236557 : 15843 4 15843 
4236566 : 52240 6 0 0 0 0 0 0 0 0 0 0 0 0 0 0 0 0 0 0 0 0 0 0 0 0 0 0 0 0 0 0 0 0 0 0 0 0 0 0 0 0 0 0 0 0 0 0 0 0 0 0 0 0 0 0 0 0 0 0 0 0 0 0 0 0 0 0 0 0 0 0 0 0 0 0 0 0 0 0 0 0 0 0 0 0 0 0 0 0 0 0 0 0 0 0 0 0 0 0 
4236602 : 42214 6 0 0 0 0 0 0 0 0 0 0 0 0 0 0 0 0 0 0 0 0 0 0 0 0 0 0 0 0 0 0 0 0 0 0 0 0 0 0 0 0 0 0 0 0 0 0 0 0 0 0 0 0 0 0 0 0 0 0 0 0 0 0 0 0 0 0 0 0 0 0 0 0 0 0 0 0 0 0 0 0 0 0 0 0 0 0 0 0 0 0 0 0 0 0 0 0 0 0 
4236629 : 21231 6 0 0 0 0 0 0 0 0 0 0 0 0 0 0 0 0 0 0 0 0 0 0 0 0 0 0 0 0 0 0 0 0 0 0 0 0 0 0 0 0 0 0 0 0 0 0 0 0 0 0 0 0 0 0 0 0 0 0 0 0 0 0 0 0 0 0 0 0 0 0 0 0 0 0 0 0 0 0 0 0 0 0 0 0 0 0 0 0 0 0 0 0 0 0 0 0 0 0 
4236637 : 19279 6 0 0 0 0 0 0 0 0 0 0 0 0 0 0 0 0 0 0 0 0 0 0 0 0 0 0 0 0 0 0 0 0 0 0 0 0 0 0 0 0 0 0 0 0 0 0 0 0 0 0 0 0 0 0 0 0 0 0 0 0 0 0 0 0 0 0 0 0 0 0 0 0 0 0 0 0 0 0 0 0 0 0 0 0 0 0 0 0 0 0 0 0 0 0 0 0 0 0 
4236651 : 19279 5 19279 
4236672 : 12125 4 12125 
4236684 : 40262 4 40262 
4236688 : 4335 6 0 0 0 0 0 0 0 0 0 0 0 0 0 0 0 0 0 0 0 0 0 0 0 0 0 0 0 0 0 0 0 0 0 0 0 0 0 0 0 0 0 0 0 0 0 0 0 0 0 0 0 0 0 0 0 0 0 0 0 0 0 0 0 0 0 0 0 0 0 0 0 0 0 0 0 0 0 0 0 0 0 0 0 0 0 0 0 0 0 0 0 0 0 0 0 0 0 0 
4236693 : 4335 6 0 0 0 0 0 0 0 0 0 0 0 0 0 0 0 0 0 0 0 0 0 0 0 0 0 0 0 0 0 0 0 0 0 0 0 0 0 0 0 0 0 0 0 0 0 0 0 0 0 0 0 0 0 0 0 0 0 0 0 0 0 0 0 0 0 0 0 0 0 0 0 0 0 0 0 0 0 0 0 0 0 0 0 0 0 0 0 0 0 0 0 0 0 0 0 0 0 0 
4236699 : 4335 6 0 0 0 0 0 0 0 0 0 0 0 0 0 0 0 0 0 0 0 0 0 0 0 0 0 0 0 0 0 0 0 0 0 0 0 0 0 0 0 0 0 0 0 0 0 0 0 0 0 0 0 0 0 0 0 0 0 0 0 0 0 0 0 0 0 0 0 0 0 0 0 0 0 0 0 0 0 0 0 0 0 0 0 0 0 0 0 0 0 0 0 0 0 0 0 0 0 0 
4236705 : 25632 6 0 0 0 0 0 0 0 0 0 0 0 0 0 0 0 0 0 0 0 0 0 0 0 0 0 0 0 0 0 0 0 0 0 0 0 0 0 0 0 0 0 0 0 0 0 0 0 0 0 0 0 0 0 0 0 0 0 0 0 0 0 0 0 0 0 0 0 0 0 0 0 0 0 0 0 0 0 0 0 0 0 0 0 0 0 0 0 0 0 0 0 0 0 0 0 0 0 0 
4236734 : 3957 4 3957 
4236752 : 378 4 378 
4236761 : 4455 6 0 0 0 0 0 0 0 0 0 0 0 0 0 0 0 0 0 0 0 0 0 0 0 0 0 0 0 0 0 0 0 0 0 0 0 0 0 0 0 0 0 0 0 0 0 0 0 0 0 0 0 0 0 0 0 0 0 0 0 0 0 0 0 0 0 0 0 0 0 0 0 0 0 0 0 0 0 0 0 0 0 0 0 0 0 0 0 0 0 0 0 0 0 0 0 0 0 0 
4236767 : 4455 6 0 0 0 0 0 0 0 0 0 0 0 0 0 0 0 0 0 0 0 0 0 0 0 0 0 0 0 0 0 0 0 0 0 0 0 0 0 0 0 0 0 0 0 0 0 0 0 0 0 0 0 0 0 0 0 0 0 0 0 0 0 0 0 0 0 0 0 0 0 0 0 0 0 0 0 0 0 0 0 0 0 0 0 0 0 0 0 0 0 0 0 0 0 0 0 0 0 0 
4236780 : 25034 6 0 0 0 0 0 0 0 0 0 0 0 0 0 0 0 0 0 0 0 0 0 0 0 0 0 0 0 0 0 0 0 0 0 0 0 0 0 0 0 0 0 0 0 0 0 0 0 0 0 0 0 0 0 0 0 0 0 0 0 0 0 0 0 0 0 0 0 0 0 0 0 0 0 0 0 0 0 0 0 0 0 0 0 0 0 0 0 0 0 0 0 0 0 0 0 0 0 0 
4236809 : 3011 4 3011 
4236827 : 1444 4 1444 
4249294 : 753 6 0 0 0 0 0 0 0 0 0 0 0 0 0 0 0 0 0 0 0 0 0 0 0 0 0 0 0 0 0 0 0 0 0 0 0 0 0 0 0 0 0 0 0 0 0 0 0 0 0 0 0 0 0 0 0 0 0 0 0 0 0 0 0 0 0 0 0 0 0 0 0 0 0 0 0 0 0 0 0 0 0 0 0 0 0 0 0 0 0 0 0 0 0 0 0 0 0 0 
4249357 : 753 6 0 0 0 0 0 0 0 0 0 0 0 0 0 0 0 0 0 0 0 0 0 0 0 0 0 0 0 0 0 0 0 0 0 0 0 0 0 0 0 0 0 0 0 0 0 0 0 0 0 0 0 0 0 0 0 0 0 0 0 0 0 0 0 0 0 0 0 0 0 0 0 0 0 0 0 0 0 0 0 0 0 0 0 0 0 0 0 0 0 0 0 0 0 0 0 0 0 0 
4249381 : 753 6 753 
4249391 : 753 4 753 
4283965 : 4144 5 4144 
4283987 : 36503 5 36503 
4284026 : 75419 6 0 0 0 0 0 0 0 0 0 0 0 0 0 0 0 0 0 0 0 0 0 0 0 0 0 0 0 0 0 0 0 0 0 0 0 0 0 0 0 0 0 0 0 0 0 0 0 0 0 0 0 0 0 0 0 0 0 0 0 0 0 0 0 0 0 0 0 0 0 0 0 0 0 0 0 0 0 0 0 0 0 0 0 0 0 0 0 0 0 0 0 0 0 0 0 0 0 0 
4284082 : 33413 5 33413 
4284102 : 7234 5 7234 
4284138 : 10968 6 0 0 0 0 0 0 0 0 0 0 0 0 0 0 0 0 0 0 0 0 0 0 0 0 0 0 0 0 0 0 0 0 0 0 0 0 0 0 0 0 0 0 0 0 0 0 0 0 0 0 0 0 0 0 0 0 0 0 0 0 0 0 0 0 0 0 0 0 0 0 0 0 0 0 0 0 0 0 0 0 0 0 0 0 0 0 0 0 0 0 0 0 0 0 0 0 0 0 
4284222 : 59715 6 0 0 0 0 0 0 0 0 0 0 0 0 0 0 0 0 0 0 0 0 0 0 0 0 0 0 0 0 0 0 0 0 0 0 0 0 0 0 0 0 0 0 0 0 0 0 0 0 0 0 0 0 0 0 0 0 0 0 0 0 0 0 0 0 0 0 0 0 0 0 0 0 0 0 0 0 0 0 0 0 0 0 0 0 0 0 0 0 0 0 0 0 0 0 0 0 0 0 
4284286 : 8352 6 0 0 0 0 0 0 0 0 0 0 0 0 0 0 0 0 0 0 0 0 0 0 0 0 0 0 0 0 0 0 0 0 0 0 0 0 0 0 0 0 0 0 0 0 0 0 0 0 0 0 0 0 0 0 0 0 0 0 0 0 0 0 0 0 0 0 0 0 0 0 0 0 0 0 0 0 0 0 0 0 0 0 0 0 0 0 0 0 0 0 0 0 0 0 0 0 0 0 
4284407 : 251 6 0 0 0 0 0 0 0 0 0 0 0 0 0 0 0 0 0 0 0 0 0 0 0 0 0 0 0 0 0 0 0 0 0 0 0 0 0 0 0 0 0 0 0 0 0 0 0 0 0 0 0 0 0 0 0 0 0 0 0 0 0 0 0 0 0 0 0 0 0 0 0 0 0 0 0 0 0 0 0 0 0 0 0 0 0 0 0 0 0 0 0 0 0 0 0 0 0 0 
4284428 : 35654 4 35654 
4284458 : 4993 4 4993 
4284472 : 251 5 251 
4326555 : 2887 5 2887 
4326582 : 5731 5 5731 
4326607 : 758 5 758 
4326632 : 5185 5 5185 
4326645 : 10154 5 10154 
4326685 : 35179 5 35179 
4326713 : 1104 4 1104 
4326870 : 125 5 125 
4326993 : 251 5 251 
2147888813 : 2 6 0 0 
2147888848 : 2 4 2 
2147888874 : 4 4 4 
2147888965 : 9 6 0 0 0 0 0 0 0 0 0 
2147888968 : 9 4 9 
2147888998 : 4 4 4 
2147889036 : 4 6 4 
2147889077 : 4 6 0 0 0 0 
2147889080 : 4 4 4 
2147889320 : 5 6 0 0 0 0 0 
2147889363 : 2 4 2 
2147889388 : 3 6 3 
2147889429 : 3 6 0 0 0 
2147889431 : 3 4 3 
2147908035 : 8 4 8 
2147908048 : 12 4 12 
2147908393 : 3 5 3 
2147908411 : 5 4 5 
2147908635 : 6 6 6 
2147908645 : 6 4 6 
2147909032 : 3 3 3 
2147909039 : 3 3 3 
2147909846 : 3 6 0 0 0 
2147909854 : 3 6 0 0 0 
2147909919 : 3 6 0 0 0 
2147909941 : 3 6 0 0 0 
2147909957 : 3 3 3 
2147909964 : 3 6 0 0 0 
2147909977 : 3 6 3 
2147909991 : 3 6 3 
2147910275 : 3 6 3 
2151679570 : 2 4 2 
2151684866 : 3 6 3 
2151684901 : 3 4 3 
2151686880 : 9 4 9 
2151686896 : 9 4 9 
2151687021 : 4 6 0 0 0 0 
2151687473 : 3 6 0 0 0 
2151687495 : 3 3 3 
2151687512 : 3 6 0 0 0 
2151687521 : 3 6 3 
2151687595 : 3 4 3 
2151854861 : 1 6 1 
2151854867 : 1 4 1 
2151860737 : 1 3 1 
2151860742 : 1 4 1 
2151860752 : 1 3 1 
2151860772 : 1 6 1 
2151860813 : 1 3 1 
2151860820 : 1 6 1 
2151860917 : 1 3 1 
2151860929 : 1 4 1 
2151880894 : 3 3 3 
2151880926 : 3 6 3 
2151880950 : 3 6 3 
2151880999 : 6 6 0 0 0 0 0 0 
2151881037 : 4 5 4 
2151881047 : 3 5 3 
2151881060 : 3 3 3 
2151881069 : 3 4 3 
2151881116 : 3 6 3 
2151881130 : 4 6 0 0 0 0 
2151881156 : 4 6 0 0 0 0 
2151881168 : 3 6 0 0 0 
2151881176 : 3 3 3 
2151881200 : 4 3 4 
2151881216 : 3 6 3 
2151881232 : 3 6 0 0 0 
2151881269 : 4 6 4 
2151881301 : 3 3 3 
2151881315 : 3 3 3 
2151881322 : 3 6 3 
2151881338 : 3 3 3 
2151881348 : 3 4 3 
2151881392 : 4 6 4 
2151881441 : 4 4 4 
2151881471 : 4 6 4 
2151881485 : 4 3 4 
2151881490 : 4 5 4 
2151881611 : 4 3 4 
2151881654 : 4 6 0 0 0 0 
2151881696 : 3 6 3 
2151881707 : 3 6 0 0 0 
2151881712 : 3 6 0 0 0 
2151881716 : 3 6 3 
2151881747 : 4 4 4 
2151881768 : 1 5 1 
2152029022 : 6 4 6 
2152029046 : 8 4 8 
2152029151 : 12 4 12 
2152029191 : 6 4 6 
2152070320 : 1 6 0 
2152070344 : 1 5 1 
2152070413 : 1 4 1 
2152070431 : 1 6 0 
2152070455 : 1 5 1 
2152070538 : 1 4 1 
2152087267 : 3 3 3 
2152087273 : 3 6 0 0 0 
2152087298 : 3 6 0 0 0 
2152087300 : 3 4 3 
2152092606 : 5 6 0 0 0 0 0 
2152092613 : 5 6 0 0 0 0 0 
2152092629 : 5 6 5 
2152092690 : 5 6 0 0 0 0 0 
2152092700 : 5 6 0 0 0 0 0 
2152092713 : 5 6 0 0 0 0 0 
2152092734 : 5 6 0 0 0 0 0 
2152092762 : 5 6 0 0 0 0 0 
2152105734 : 3 6 0 0 0 
2152105819 : 3 6 0 0 0 
2152105824 : 3 6 0 0 0 
2152105826 : 3 6 0 0 0 
2152105831 : 3 6 3 
2152105885 : 3 6 0 0 0 
2152105925 : 3 3 3 
2152105938 : 3 6 0 0 0 
2152105947 : 3 6 0 0 0 
2152105963 : 3 3 3 
2152105969 : 3 3 3 
2152106047 : 3 6 0 0 0 
2152106053 : 3 6 3 
2152106176 : 3 6 0 0 0 
2152106185 : 3 6 0 0 0 
2152106194 : 3 6 0 0 0 
2152106201 : 3 3 3 
2152106236 : 3 6 0 0 0 
2152106245 : 3 6 3 
2152106299 : 3 6 3 
2152106327 : 3 4 3 
2152106622 : 2 3 2 
2152106638 : 2 3 2 
2152106646 : 2 3 2 
2152106657 : 2 4 2 
2152106693 : 2 3 2 
2152106701 : 2 6 0 0 
2152106707 : 2 3 2 
2152106713 : 2 3 2 
2152106719 : 2 5 2 
2152106746 : 4 6 4 
2152106765 : 4 3 4 
2152106774 : 4 6 4 
2152106798 : 2 6 2 
2152106807 : 2 6 0 0 
2152106812 : 2 5 2 
2152106840 : 2 4 2 
2152107689 : 4 4 4 
2298731138 : 2 6 0 0 
2298731150 : 2 6 0 0 
2298731215 : 2 6 0 0 
2298731237 : 2 6 0 0 
2298731244 : 2 5 2 
3199965910 : 1 3 1 
3199965933 : 1 5 1 
3199965981 : 2 6 2 
3199966001 : 1 3 1 
3199966012 : 1 6 0 
3199966036 : 1 3 1 
3199966050 : 1 6 0 
3199966056 : 1 4 1 
3201069914 : 1 6 1 
3201069929 : 1 3 1 
3201069967 : 513 6 513 
3201070000 : 512 5 512 
3201070004 : 513 5 513 
3201070006 : 1 3 1 
3201070061 : 1 3 1 
3201070076 : 1 6 0 
3201070093 : 1 3 1 
3201070133 : 1 5 1 
3201070142 : 1 6 1 
3201070155 : 1 6 1 
3201070174 : 1 3 1 
3201070184 : 1 6 0 
3201070192 : 1 6 0 
3201070202 : 1 4 1 
3201070358 : 4 6 0 0 0 0 
3201070372 : 4 6 0 0 0 0 
3201070389 : 4 3 4 
3201070434 : 4 3 4 
3201070440 : 4 5 4 
3201070453 : 1 6 0 
3201070463 : 1 5 1 
3201070478 : 1 6 0 
3201070487 : 1 6 0 
3201070504 : 1 3 1 
3201070512 : 1 6 0 
3201070523 : 1 3 1 
3201070536 : 1 6 1 
3201072736 : 1 3 1 
3201072739 : 1 4 1 
3201077208 : 1 6 1 
3201077222 : 1 3 1 
3201077235 : 1 6 0 
3201077248 : 1 6 0 
3201077264 : 1 6 0 
3201077286 : 1 6 0 
3201077309 : 1 6 0 
3201077331 : 1 6 1 
3201077353 : 1 6 0 
3201077359 : 1 6 0 
3201077372 : 1 6 0 
3201077386 : 1 6 0 
3201077397 : 1 3 1 
3201077403 : 1 5 1 
3201077411 : 1 5 1 
3219136149 : 2 3 2 
3219136154 : 2 4 2 
3219167970 : 2 6 0 0 
3219167973 : 2 3 2 
3219167985 : 2 4 2 
3219168002 : 2 6 0 0 
3219168018 : 2 3 2 
3219168025 : 2 6 0 0 
3219168035 : 2 3 2 
3219168044 : 2 6 0 0 
3219168047 : 2 3 2 
3219168058 : 2 6 0 0 
3219168061 : 2 3 2 
3219168084 : 2 3 2 
3219168091 : 2 6 2 
3219168101 : 2 3 2 
3219168111 : 2 4 2 
3219168133 : 2 3 2 
3219168138 : 2 4 2 
3219168159 : 2 3 2 
3219168164 : 2 4 2 
3219173480 : 12 3 12 
3219173486 : 12 4 12 
3219173514 : 6 3 6 
3219173520 : 6 4 6 
3219173527 : 6 3 6 
3219173533 : 6 4 6 
3219173553 : 8 3 8 
3219173559 : 8 4 8 
3219174096 : 2 3 2 
3219174103 : 2 6 2 
3219174139 : 2 4 2 
3219197160 : 2 3 2 
3219197172 : 2 6 0 0 
3219197179 : 2 5 2 
3219197192 : 2 3 2 
3219197207 : 2 3 2 
3219197220 : 2 3 2 
3219197235 : 2 3 2 
3219197250 : 2 3 2 
3219197262 : 2 6 2 
3219197527 : 2 3 2 
3219197539 : 2 6 0 0 
3219197550 : 2 6 2 
3219197669 : 2 6 2 
3219197696 : 2 6 2 
3219197741 : 2 6 2 
3219197755 : 2 6 2 
3219197770 : 2 6 0 0 
3219197778 : 2 6 2 
3219198078 : 2 6 0 0 
3219198086 : 2 6 0 0 
3219198094 : 2 6 2 
3219198103 : 2 6 0 0 
3219198115 : 2 3 2 
3219198128 : 2 3 2 
3219198138 : 2 6 0 0 
3219198144 : 2 6 0 0 
3219198156 : 2 3 2 
3219198174 : 2 3 2 
3219198188 : 2 6 0 0 
3219198195 : 2 5 2 
3219198203 : 2 3 2 
3219198209 : 2 3 2 
3219198220 : 2 4 2 
3219198241 : 2 6 2 
3219198306 : 2 4 2 
3219242940 : 2 6 2 
3219243005 : 2 4 2 
3221099612 : 2 3 2 
3221099619 : 2 3 2 
3221099631 : 2 6 2 
3221099643 : 2 6 2 
3221099672 : 2 6 2 
3221099781 : 2 4 2 
3221147756 : 2 6 0 0 
3221147759 : 8 3 8 
3221147773 : 8 6 0 0 0 0 0 0 0 0 
3221147792 : 2 4 2 
3221151062 : 2 3 2 
3221151087 : 2 4 2 
3221151269 : 2 6 0 0 
3221151274 : 2 3 2 
3221151291 : 2 6 2 
3221151309 : 2 4 2 
3221151513 : 10 6 0 0 0 0 0 0 0 0 0 0 
3221151557 : 2 5 2 
3221151587 : 2 3 2 
3221151592 : 2 5 2 
3221151611 : 4 5 4 
3221151616 : 4 5 4 
3221151638 : 4 5 4 
3221151649 : 8 5 8 
3221151659 : 8 3 8 
3221151668 : 8 5 8 
3221151675 : 10 4 10 
3221152112 : 8 3 8 
3221152118 : 8 4 8 
4131721006 : 6 6 6 
4131721025 : 6 3 6 
4131721035 : 6 6 6 
4131721057 : 6 4 6 
4131721144 : 8 6 8 
4131721163 : 8 3 8 
4131721173 : 8 6 8 
4131721195 : 8 4 8 
4131721634 : 12 6 12 
4131721660 : 12 3 12 
4131721670 : 12 6 12 
4131721688 : 12 4 12 
4131721770 : 6 6 6 
4131721796 : 6 3 6 
4131721806 : 6 6 6 
4131721824 : 6 4 6 
4131723150 : 2 6 0 0 
4131723155 : 2 3 2 
4131723158 : 2 5 2 
4131723162 : 2 4 2 
4134637639 : 2 3 2 
4134637663 : 2 6 2 
4134637727 : 2 6 0 0 
4134637741 : 2 4 2 
4134637857 : 2 3 2 
4134637870 : 2 6 0 0 
4134637888 : 2 3 2 
4134637900 : 2 3 2 
4134637907 : 2 6 0 0 
4134637917 : 2 6 0 0 
4134637921 : 2 5 2 
4134637933 : 2 6 0 0 
4134637946 : 2 6 2 
4134638165 : 2 6 2 
4134638237 : 2 6 0 0 
4134638247 : 2 6 2 
4134638328 : 2 3 2 
4134638338 : 2 4 2 
4134643427 : 2 3 2 
4134643440 : 2 6 2 
4134643457 : 2 3 2 
4134643465 : 2 6 0 0 
4134643484 : 2 6 2 
4134643490 : 2 6 2 
4134643637 : 2 6 2 
4134643643 : 2 6 2 
4134643727 : 2 6 2 
4134643758 : 2 6 2 
4134643914 : 2 6 2 
4134643945 : 2 3 2 
4134643966 : 2 3 2 
4134643976 : 2 4 2 
4134653618 : 2 6 0 0 
4134653631 : 2 6 0 0 
4134653648 : 2 6 2 
4134653684 : 2 6 0 0 
4134653689 : 2 6 0 0 
4134653705 : 2 6 0 0 
4134653710 : 2 5 2 
4134653729 : 2 6 2 
4134653753 : 2 3 2 
4134653761 : 2 6 0 0 
4134653764 : 2 6 2 
4134653819 : 2 6 2 
4134653903 : 2 4 2 
4134653926 : 8 3 8 
4134653932 : 8 4 8 
4134654207 : 2 6 0 0 
4134654216 : 2 3 2 
4134654222 : 2 3 2 
4134654229 : 2 6 0 0 
4134654238 : 2 6 0 0 
4134654242 : 2 3 2 
4134654250 : 2 4 2 
4134655848 : 2 6 2 
4134655875 : 2 6 0 0 
4134655885 : 4 3 4 
4134655893 : 4 6 0 0 0 0 
4134655897 : 4 6 0 0 0 0 
4134655903 : 4 6 0 0 0 0 
4134655908 : 4 6 4 
4134655944 : 2 4 2 
4134655963 : 2 6 0 0 
4134655970 : 4 3 4 
4134655983 : 4 6 4 
4134656005 : 2 4 2 
